100 1000
71 69 23278
46 35 62355
79 78 18758
15 34 92916
45 76 73864
37 52 43541
2 4 28290
82 80 30899
2 26 12425
39 87 5890
17 12 58482
60 83 95142
77 85 2957
46 6 2004
17 57 47888
19 74 83296
33 66 70816
15 76 20434
42 4 46199
17 51 88463
73 81 29446
9 34 59887
70 11 41733
98 90 90679
39 22 20882
99 99 10018
72 90 57854
37 93 12429
26 65 4565
24 83 69568
1 55 55260
89 59 48662
76 16 71507
8 86 94896
16 92 83932
52 96 7671
32 98 21194
19 30 5721
73 87 73034
15 47 22469
22 17 78920
1 18 17502
35 78 26836
51 91 57867
5 79 14277
46 88 86240
12 43 93418
58 58 76237
100 51 59544
92 34 89790
74 97 77588
21 66 5274
48 6 33125
53 68 72237
38 88 300
46 96 32284
78 88 11733
30 46 3338
1 33 72817
37 73 83987
80 98 77044
75 88 36479
27 75 54100
40 49 53243
87 69 275
9 23 85717
10 3 57792
32 67 10116
54 58 27815
33 63 19534
35 6 40934
17 89 18902
21 75 34190
84 55 92969
53 95 51824
75 91 5632
85 52 11360
55 99 73140
49 37 74955
77 87 53223
28 59 32032
40 22 41449
59 81 53224
93 14 23939
76 78 18693
73 95 70107
15 52 50581
64 95 12113
21 79 93109
1 89 14380
94 14 27348
90 61 4938
68 76 66038
17 55 4407
20 38 95385
92 60 14283
76 8 50542
23 85 90820
18 98 42743
47 55 78680
67 24 50792
36 37 60905
71 7 56393
73 95 66081
40 99 27318
8 94 44616
87 96 73729
4 79 55130
54 76 47818
5 61 97602
70 49 16355
62 65 59825
45 85 39911
10 40 45381
89 10 71652
90 43 43735
65 22 35529
53 89 48373
53 77 47062
47 86 67918
33 93 52190
70 75 13218
10 15 49032
34 89 58571
79 60 73904
93 28 85016
1 38 27550
23 77 64514
14 92 16402
50 74 56556
57 72 74109
50 60 96483
85 50 98611
63 3 4119
84 13 40943
1 87 63888
24 97 29297
73 17 43090
36 47 68772
39 54 28382
12 29 42373
51 100 27831
56 79 20058
29 35 20874
50 35 92122
86 23 43807
69 10 97284
67 96 61943
32 83 4302
85 12 75871
6 88 90131
47 47 2831
6 19 50944
65 68 48340
53 88 12214
58 71 26665
38 17 42875
70 14 28151
16 60 4557
72 26 63173
31 26 48920
48 70 94726
67 87 57590
51 66 15474
19 71 22379
8 11 58693
49 86 83053
89 46 73156
56 78 53715
25 33 35485
48 59 82286
49 54 62300
9 44 41633
26 69 4270
41 71 48717
16 89 39591
2 96 17790
59 56 91647
59 62 25141
57 57 53553
22 67 2422
93 88 46586
30 60 64939
31 70 13128
23 87 49956
69 17 31465
51 81 32698
74 12 15202
23 88 11701
69 92 73431
11 36 98795
62 96 31067
10 9 74782
16 67 55803
47 12 86773
6 48 33398
55 64 920
91 50 51344
73 68 86144
1 46 6397
72 85 9005
12 84 39074
48 56 92314
100 12 34725
17 47 71815
71 42 96677
37 66 14939
96 48 92432
66 28 8925
69 54 99636
10 91 44007
71 23 14248
46 86 59289
4 29 24302
79 74 63449
19 90 43728
12 37 12750
65 53 62413
100 25 72648
70 94 14138
62 31 46390
49 32 64707
14 71 65898
19 63 53798
65 86 98635
9 31 2902
34 97 63773
39 99 98482
31 81 47897
29 51 78858
23 66 40220
68 100 74976
17 46 74361
82 69 59558
56 98 29633
32 71 37850
36 77 45445
10 12 694
27 68 18203
59 99 7622
57 59 24827
42 74 29025
51 75 19230
6 25 20633
68 55 74417
8 57 16668
79 13 68065
51 24 27620
58 89 20677
56 54 65258
87 18 98721
64 65 39278
32 29 91220
35 54 97506
28 59 39674
84 17 16112
64 61 99914
43 49 35943
3 19 73404
93 10 8266
89 92 62328
35 71 82777
90 48 43361
67 61 17879
8 89 20970
22 34 92925
92 4 98037
18 12 5768
64 77 49709
69 79 79194
8 59 50278
70 89 30724
29 47 86485
47 5 71800
20 54 23348
55 54 90867
31 65 76151
5 35 57803
89 46 29930
56 72 5965
17 62 17437
16 36 62425
71 42 99214
36 40 9067
39 96 38171
11 81 94884
30 72 169
60 76 86883
14 96 57539
97 34 19682
13 23 32709
27 34 4916
31 57 75916
83 91 26109
97 91 88391
7 87 83417
79 12 85963
12 40 6346
7 68 32546
7 67 16269
37 82 86296
74 94 14420
42 44 11905
14 38 17050
43 5 88442
10 13 42628
30 30 15760
10 95 5391
49 100 19908
84 54 57047
79 12 31089
63 5 76103
20 41 56416
14 84 60359
24 32 45826
28 28 29872
56 72 13890
47 51 39540
49 78 871
5 81 14460
55 44 82102
94 40 89426
36 47 46791
85 84 47775
72 86 58410
28 80 85858
66 61 67303
71 27 18714
17 30 96885
39 73 25085
52 98 31751
61 99 42140
69 72 30868
88 96 83047
77 55 16187
99 14 98498
66 39 64158
35 55 30586
42 58 64559
60 23 75163
3 44 58744
6 92 53434
50 77 73804
74 5 83891
72 52 99355
34 59 64464
82 18 70873
20 21 55230
43 33 97229
10 69 96557
15 62 97452
41 95 66946
13 87 32608
34 59 36388
99 36 34285
33 84 95482
82 26 9412
45 26 11160
29 40 39055
52 51 75406
14 1 98695
80 86 40970
62 89 8920
27 78 66691
44 67 40794
13 79 69970
80 52 52306
24 30 40697
35 69 75671
1 60 44965
20 93 30199
90 76 75582
65 75 23506
14 72 97858
41 30 11895
56 70 37743
4 32 47706
22 7 38629
52 72 55564
16 78 56313
34 77 67557
1 67 25546
26 100 5122
57 76 69412
12 42 45635
2 88 40906
11 78 14894
47 70 37700
91 77 15033
8 19 92168
16 48 19709
61 12 86263
86 76 8023
88 94 60255
68 5 35182
69 94 47226
46 62 63950
30 71 79489
28 100 63982
99 67 43825
32 89 27652
44 64 54945
27 65 95766
28 100 50713
15 65 63456
24 51 95688
73 89 46363
51 37 53568
49 74 20649
3 85 3576
3 78 55442
31 66 47806
30 30 32236
43 52 38131
6 56 15870
74 35 77745
35 19 38197
62 88 71909
21 55 57391
82 50 65103
29 71 41495
13 77 46001
72 99 84020
87 17 34646
43 94 32996
30 53 1160
63 51 22940
88 38 13218
15 42 33609
34 43 29726
3 39 33723
39 65 74290
75 82 48554
55 2 98076
86 98 16942
93 3 30882
13 81 27086
79 80 10010
1 63 45015
18 46 7418
6 81 60374
57 5 40973
20 72 98559
30 2 12387
56 54 9259
42 26 89576
97 10 21908
34 86 89767
84 36 10823
78 85 43387
19 40 32238
44 70 91004
43 71 47068
11 99 63658
41 9 52112
6 89 40144
58 35 84458
84 36 40231
8 15 58426
57 38 64451
80 63 30932
65 62 90991
68 91 32429
18 40 22247
99 47 62585
35 71 48138
51 30 37683
70 67 58505
52 58 59449
65 77 96321
63 58 85724
4 18 93512
4 60 74173
1 17 21513
6 32 87320
99 72 6742
19 19 46176
25 75 28858
52 62 60045
70 72 61385
77 91 52787
31 63 55939
40 61 57732
45 8 37089
13 71 1505
36 97 13897
16 70 79965
56 7 68863
20 1 48405
42 1 12182
25 38 96363
56 65 84517
50 93 70167
41 100 45330
45 73 50740
8 27 40664
87 39 23598
74 88 91564
27 29 63171
9 28 83581
47 78 3556
36 52 62899
24 32 25587
67 23 42398
78 78 69641
48 28 23284
2 38 28893
76 51 59121
73 87 92008
60 19 58074
35 37 45192
49 67 18679
30 45 48998
93 79 77494
92 32 59933
1 44 58049
11 86 97201
25 33 29622
23 9 54359
32 86 55416
42 54 23069
75 83 79149
88 97 6718
99 53 71754
26 89 17654
73 30 7534
74 11 82012
100 88 41196
9 66 63785
4 72 17272
25 25 16466
60 95 34253
36 80 2198
84 98 13207
13 50 34710
36 94 35587
76 66 25994
51 97 20591
39 53 13780
8 54 11488
37 30 1453
88 3 37435
33 84 50868
21 82 84308
68 31 2426
18 62 64569
54 3 42087
9 81 49867
6 37 46198
35 17 53308
16 51 57865
46 87 75308
2 62 29086
29 14 40547
69 72 80
82 77 96038
37 87 86236
60 64 3108
32 40 11494
42 69 1345
42 86 25157
36 67 90531
24 70 43513
99 15 42075
36 73 10265
31 87 49933
2 95 30339
24 74 46533
14 30 13567
12 78 47546
83 24 59526
69 52 74099
6 43 11366
33 78 56079
26 65 10493
12 23 88818
51 81 95073
14 92 89998
89 39 7492
94 65 72468
45 56 24052
21 25 16023
23 12 96813
64 82 42469
9 11 68339
31 84 74028
93 15 44461
82 3 81448
77 21 88770
13 64 95345
88 36 89379
18 85 20503
80 60 61436
78 23 87422
79 9 19441
34 18 72374
62 56 38263
70 77 66626
88 99 58033
29 57 8324
88 4 50682
35 45 17947
14 56 13569
84 91 26468
40 7 61441
17 32 81574
38 19 85562
53 11 94244
13 87 68077
65 1 90543
3 93 15724
86 54 50383
36 48 87849
13 43 60101
70 88 71853
29 96 34712
9 35 78844
55 98 32666
83 98 81624
70 89 11330
62 73 10529
24 58 6887
47 70 86525
73 47 17048
97 22 95094
1 15 17591
3 41 62652
51 11 31603
2 62 27140
85 87 27503
6 85 94755
63 100 86241
56 37 18406
6 1 92125
20 23 58224
42 67 69128
12 1 72142
4 19 40800
32 67 36852
12 44 10841
24 91 10926
46 24 16832
47 7 17278
35 71 84405
62 32 31130
45 68 59968
59 89 1564
4 18 90852
72 57 90801
47 91 66429
32 85 85456
61 49 92934
72 100 60187
25 71 79184
55 30 9626
9 24 93051
15 79 26545
54 56 781
90 71 36438
51 20 87681
73 76 16293
27 62 29327
65 1 55567
87 23 35650
27 61 31547
88 4 22147
49 89 12960
15 39 77293
46 67 54678
26 44 31676
8 72 96284
30 91 91956
49 29 46630
48 76 25662
40 85 39541
46 86 66086
48 76 64656
57 92 98364
22 34 95119
27 91 47731
89 18 56798
23 15 16538
46 93 30170
78 98 76270
45 77 2147
67 70 5497
79 27 67603
25 83 80872
28 48 18838
6 25 44918
67 22 76899
9 89 97445
45 48 91209
10 17 6888
98 26 59849
94 2 14454
56 90 79648
54 96 10246
10 72 36056
50 96 55708
9 2 82529
47 59 90419
11 94 62924
40 59 49870
24 15 19856
7 74 83870
56 78 46084
12 59 26147
87 91 65203
25 84 54405
73 83 79822
47 57 2952
1 87 82966
30 57 35751
25 41 34911
29 73 25749
43 85 35836
4 33 50523
54 89 36253
64 88 18856
89 36 44272
14 78 86333
42 76 27604
39 84 6076
81 91 19762
7 28 2249
19 74 73460
76 95 17457
74 35 12265
43 64 11263
54 60 45422
13 31 99053
31 77 61124
53 85 5468
73 92 59422
21 21 96473
20 92 70339
92 69 67080
34 84 37883
4 60 86675
74 39 838
54 40 96015
13 91 75620
76 6 16721
33 18 17927
48 27 33709
77 5 16564
21 97 4154
55 68 78832
87 62 79843
25 99 28192
99 22 26440
61 81 55549
63 85 31881
6 30 16134
45 98 50989
6 88 19980
8 89 53686
49 87 30357
9 46 62552
85 85 58233
2 65 21008
37 43 99559
91 25 57808
16 66 77392
34 27 23893
10 93 64747
14 24 27149
2 99 50235
77 82 87317
85 95 90040
26 93 69629
90 65 78145
2 71 35851
26 67 71990
2 90 22413
35 4 48079
91 7 98114
23 1 6153
29 55 15164
35 37 34785
56 7 44114
42 80 31110
46 53 12590
96 66 12795
96 56 48060
21 87 70597
56 40 48972
4 31 62541
15 81 49164
9 29 82451
20 33 55199
67 69 80417
73 79 71856
58 97 34264
27 74 14853
70 41 56940
29 12 76292
7 98 62571
22 79 51076
17 52 91195
21 90 35375
74 99 74328
93 55 34539
20 23 72392
88 35 79758
32 94 4289
16 52 81804
98 76 20490
87 41 72739
82 73 16775
42 63 11561
10 53 97346
35 90 89738
42 42 94019
72 42 28758
66 71 37868
88 86 67174
23 43 50716
3 25 61253
28 87 42248
36 47 39376
47 43 92686
71 99 19157
70 88 9378
62 74 525
68 28 46330
18 35 71182
41 67 67839
52 54 3939
15 40 63786
1 30 89222
34 75 10613
16 73 77731
71 78 93463
13 16 39497
37 26 37878
84 5 68048
18 28 87129
57 53 18817
67 61 41754
40 81 64265
25 57 21258
26 76 18918
15 46 44982
94 24 29511
66 35 45828
21 36 7344
24 34 99426
6 74 82875
30 20 77555
23 34 58756
27 74 60938
80 27 98871
68 1 49507
25 19 31377
9 100 6891
30 100 12246
58 33 70644
47 13 50802
13 27 31753
59 78 91663
1 72 94034
58 93 66450
1 25 78101
29 58 78279
10 12 72171
17 18 53698
8 11 64406
52 97 24964
26 83 23609
80 87 99572
61 85 84200
63 55 9870
15 93 9123
36 98 20404
61 61 27127
48 53 89785
34 50 57641
55 47 54017
34 50 69699
48 15 36990
93 72 58538
6 10 54478
49 87 66209
66 100 75885
35 88 12164
12 90 85400
29 71 36490
97 91 65132
85 100 69733
3 20 82071
84 92 76947
33 54 64485
47 11 78192
52 100 35060
22 50 62641
75 86 27011
69 54 4093
35 84 85672
71 32 87291
31 33 27941
15 36 27633
52 40 1617
98 68 53484
61 43 11633
90 18 13553
3 84 13511
17 69 21278
57 60 53349
22 46 37099
36 61 725
87 96 60417
62 93 81580
68 54 29115
36 38 30675
26 95 16377
13 13 11096
68 53 4704
2 68 63500
23 79 11900
90 18 333
40 52 5784
44 68 64226
33 89 52667
69 64 41870
8 46 35192
38 61 23115
35 27 7065
19 24 10239
22 23 49798
42 3 20404
53 75 16011
48 49 84478
40 3 40117
54 77 4018
82 34 88458
51 91 41371
85 51 86760
5 35 51850
80 11 63184
20 99 75508
42 80 83893
62 75 86914
98 87 89351
17 25 85097
19 98 83573
18 62 24595
32 90 70324
80 26 45188
62 30 95388
9 14 94100
64 15 33686
76 86 89135
70 100 19614
35 35 22066
14 81 50021
95 100 51493
61 32 51832
70 57 19416
79 32 90087
15 44 25169
99 69 79165
25 71 9103
45 57 94781
9 33 13671
10 31 80273
11 18 38677
14 95 99229
16 96 10349
9 22 86553
57 14 66929
96 98 85944
5 69 31602
5 19 46981
50 72 28474
85 57 56064
23 65 1520
34 61 36121
80 16 50523
82 71 20727
3 24 22940
57 58 75920
49 33 31779
56 89 49835
47 98 20020
18 72 95045
96 67 57854
23 37 46363
61 67 64883
21 56 69055
12 24 75481
74 12 16943
24 72 70136
94 41 19911
59 68 53867
30 73 66437
49 98 16373
45 74 52750
37 85 15553
