100 5000
6 49 46
16 33 24
69 73 90
52 68 53
45 60 70
52 65 77
67 79 20
86 98 95
95 98 46
52 84 63
74 94 69
89 100 14
85 100 59
43 71 74
80 97 36
84 95 23
42 80 13
78 81 85
79 86 10
1 9 58
87 98 46
26 76 53
19 70 31
12 26 62
37 77 38
1 94 59
80 96 74
66 85 82
58 84 93
13 40 15
28 36 65
62 78 2
8 73 37
61 86 22
70 96 31
80 87 61
33 98 86
30 61 59
92 95 53
6 63 60
79 98 88
33 47 45
72 75 2
60 80 64
39 69 81
52 76 72
53 58 58
32 38 89
57 83 44
60 75 28
22 83 95
67 89 55
80 87 20
81 93 76
23 56 46
36 93 71
5 94 89
16 98 90
73 95 8
91 100 94
92 97 64
29 77 81
50 94 45
57 90 5
78 97 23
88 97 16
65 68 81
96 100 17
27 76 35
64 91 50
5 34 62
81 82 96
45 62 13
14 61 89
18 84 62
20 71 71
57 73 31
38 92 94
7 76 36
48 85 85
74 91 83
99 100 67
68 95 26
7 82 14
80 87 98
37 90 67
52 99 59
14 25 58
26 85 28
78 83 66
32 90 83
2 68 2
79 95 30
74 79 31
80 97 56
58 61 92
66 96 53
91 100 51
80 87 35
31 47 28
18 87 28
96 98 3
64 68 11
76 99 43
98 99 6
45 81 74
1 12 9
41 95 87
52 86 59
4 39 33
39 68 49
57 60 47
57 96 59
16 82 77
56 100 26
41 66 10
16 77 49
93 95 94
45 54 63
83 88 2
41 99 1
37 51 57
99 100 6
31 63 41
26 70 29
7 66 19
10 93 55
38 85 92
75 95 74
82 84 59
79 87 13
29 100 55
64 88 17
77 95 68
63 77 18
60 94 40
50 88 1
27 82 89
52 94 65
48 74 31
3 62 72
60 61 17
51 70 7
22 28 85
91 92 77
44 86 15
19 43 92
97 100 9
21 29 63
48 61 8
73 78 50
95 96 85
90 91 83
91 95 87
64 70 73
66 80 97
58 62 38
91 95 41
70 80 65
36 75 50
77 79 4
16 75 83
68 71 20
97 100 52
78 88 81
12 62 60
80 92 74
44 84 82
60 64 98
60 76 13
13 29 39
63 98 12
12 99 76
18 39 17
75 86 85
71 80 47
31 58 3
28 70 61
83 85 81
88 89 85
6 73 78
75 82 11
84 85 33
62 84 64
63 93 78
22 46 29
50 52 23
9 48 10
45 62 49
23 35 71
7 88 28
29 52 6
40 86 30
81 100 96
12 75 28
24 33 20
24 95 76
66 83 80
54 70 59
99 100 98
51 99 14
79 87 47
4 39 79
61 83 4
88 92 86
58 77 7
64 89 1
45 71 28
99 100 8
59 82 14
74 81 30
24 91 9
93 95 60
71 82 81
76 81 99
70 92 21
79 91 68
15 55 79
63 73 88
15 63 98
19 44 4
92 95 7
79 80 42
94 100 29
81 87 85
96 100 70
41 76 28
39 55 46
43 56 14
80 94 3
79 82 70
5 13 23
30 84 81
28 58 70
75 94 97
60 72 25
60 96 70
22 81 100
58 95 86
36 50 28
36 85 64
65 77 87
59 79 2
45 91 87
66 78 76
50 79 23
14 54 14
53 89 69
99 100 41
70 80 86
87 98 17
55 77 46
27 40 94
74 78 75
7 68 15
97 98 61
76 88 100
34 69 79
80 90 48
60 95 15
24 98 76
96 100 44
59 84 56
47 96 4
28 95 15
38 93 51
39 96 54
6 16 79
18 99 59
27 41 72
25 30 37
34 53 93
92 98 52
79 92 37
10 47 86
26 57 61
6 72 21
36 98 38
74 82 62
39 71 14
7 73 19
64 86 8
91 100 35
19 94 44
55 66 29
76 87 33
16 51 34
24 54 19
8 33 86
33 81 51
61 85 28
90 97 9
5 96 81
76 88 83
31 81 12
44 55 31
96 99 80
96 97 28
12 19 31
98 99 1
33 93 14
49 70 91
19 74 77
53 62 20
35 55 85
16 37 42
39 72 92
55 60 55
24 39 76
42 77 70
41 42 19
92 96 61
55 96 51
33 40 40
89 92 70
5 84 5
12 90 23
81 95 37
10 46 37
91 100 28
36 46 54
49 71 93
7 84 5
7 43 54
69 77 26
96 100 78
10 78 82
24 99 96
20 54 74
65 96 90
41 76 46
66 83 49
33 46 23
12 53 76
41 47 93
9 31 75
41 65 29
90 97 3
1 87 86
81 99 91
17 21 6
1 30 27
60 99 78
42 66 75
34 38 5
89 95 90
60 74 34
24 61 91
44 87 97
92 94 4
64 80 15
61 97 96
90 97 36
79 92 22
39 63 37
6 83 92
57 84 46
16 56 49
14 69 47
46 95 35
42 91 17
85 95 93
52 72 32
63 78 29
90 96 54
29 56 12
7 44 52
16 75 8
29 90 49
99 100 44
64 79 60
23 58 64
57 92 40
73 96 87
69 93 1
36 47 60
92 94 45
77 86 81
79 92 39
82 86 37
70 100 53
3 9 1
55 66 9
70 87 22
85 88 45
30 53 26
12 61 100
70 93 6
52 100 52
45 97 69
98 99 97
94 98 92
95 96 75
21 94 33
8 34 34
3 41 45
43 75 22
88 96 22
4 50 49
47 62 55
53 66 86
67 76 35
28 72 80
91 94 52
79 95 93
20 31 40
21 67 17
30 85 95
18 25 92
83 94 29
54 99 1
76 100 86
47 93 42
94 100 75
23 56 14
47 64 4
10 77 77
54 99 46
87 97 98
52 69 84
99 100 33
43 98 33
87 93 77
75 87 77
17 34 67
54 67 87
19 74 61
78 98 35
98 99 33
28 87 82
8 85 100
46 98 27
71 74 99
31 39 79
28 33 48
26 90 64
56 70 63
24 66 50
60 62 46
20 32 16
1 59 97
42 47 46
17 94 66
96 98 3
13 91 2
69 70 97
98 99 76
34 43 30
98 100 11
39 73 91
85 90 3
78 84 3
54 58 39
79 97 95
83 96 10
29 89 83
11 57 28
63 93 12
62 95 76
70 80 8
59 73 31
61 82 53
11 24 79
32 57 100
10 38 82
73 74 79
74 100 50
40 41 65
63 80 68
79 81 42
71 99 60
97 100 84
15 56 76
57 76 74
96 98 24
64 80 2
65 87 14
24 97 10
43 88 68
14 20 30
95 99 46
38 78 65
11 45 45
4 75 33
90 92 72
94 100 19
54 60 91
34 79 93
25 93 31
74 99 9
5 95 64
71 78 44
67 95 72
38 95 23
50 75 22
63 86 47
69 97 21
45 90 59
37 100 89
20 55 26
1 30 7
98 99 25
50 73 89
52 83 4
68 72 3
30 50 42
95 100 53
15 91 55
36 40 43
3 62 90
44 99 54
30 55 85
98 99 24
8 48 62
93 98 90
70 74 83
41 92 91
55 66 27
81 90 68
29 69 45
53 74 81
88 100 51
81 99 65
20 34 100
81 85 40
97 100 44
80 98 46
35 77 57
39 53 49
73 94 3
66 88 52
42 88 66
59 88 25
97 98 89
26 46 91
47 59 14
31 68 17
21 45 36
43 44 94
45 85 27
35 100 80
14 94 75
86 95 78
3 95 42
83 90 18
78 92 45
9 88 33
27 100 82
16 33 53
67 98 38
1 16 35
6 69 5
6 58 69
75 82 54
22 68 21
81 96 22
17 46 78
66 71 32
61 64 82
26 95 5
31 98 19
79 98 15
41 99 32
53 68 50
86 94 28
36 91 1
65 90 89
74 79 82
71 76 79
46 47 85
20 23 76
62 98 91
98 99 49
19 64 100
61 66 47
98 100 50
42 72 46
49 63 5
10 85 64
78 94 92
49 76 38
14 39 43
31 90 91
24 97 30
26 54 68
14 64 70
32 83 93
39 96 77
11 98 3
68 98 39
34 59 100
38 70 70
75 99 10
15 60 50
74 75 4
75 79 54
64 73 64
57 84 2
2 41 5
79 99 80
69 77 25
1 89 47
19 66 91
26 53 29
91 97 4
42 98 93
95 96 86
99 100 68
21 39 75
5 72 47
95 97 52
18 52 34
29 38 93
22 86 80
48 69 91
44 75 44
16 66 46
93 95 99
49 68 41
70 94 26
94 97 63
90 92 36
23 91 27
58 69 31
64 95 84
3 55 21
45 96 53
30 62 35
48 67 100
67 68 80
7 49 35
62 69 33
2 64 62
96 99 25
19 96 29
95 97 43
27 68 87
48 83 89
72 96 90
72 91 83
53 54 98
37 78 95
75 79 57
82 93 70
68 98 18
99 100 46
82 88 78
7 65 3
52 96 25
55 95 1
81 90 8
78 84 4
6 24 72
80 87 82
84 88 80
75 93 73
91 97 57
75 89 47
15 28 72
81 94 51
87 96 40
38 98 58
6 21 12
45 91 47
86 94 10
1 7 34
81 95 30
4 97 45
94 99 86
95 100 73
92 93 38
51 77 72
54 60 73
27 54 24
81 90 95
61 77 63
44 62 32
71 100 95
96 97 44
88 91 16
92 99 55
9 66 41
93 100 93
32 37 2
34 77 32
86 91 96
29 85 96
58 98 92
84 89 77
78 96 5
62 73 21
53 59 88
29 36 47
33 68 23
57 71 72
96 97 61
31 35 96
37 96 23
45 87 41
31 79 5
71 93 60
29 94 42
90 100 23
49 96 7
18 42 10
68 72 14
4 94 22
59 91 21
54 71 76
3 98 36
62 69 21
58 88 40
75 99 43
55 60 3
2 75 22
65 81 59
41 95 34
27 31 82
15 70 24
13 62 55
36 70 12
95 97 79
83 89 28
78 81 77
13 56 69
76 77 81
36 78 76
32 80 62
76 86 36
42 72 35
12 78 85
30 83 30
6 60 65
96 97 62
5 59 77
22 40 59
15 72 55
57 59 87
1 81 7
55 62 45
40 96 73
93 96 52
20 88 14
17 60 77
14 59 6
51 73 20
55 56 20
67 91 73
53 75 79
7 41 45
2 57 49
34 57 4
2 60 84
29 69 72
47 83 28
31 46 9
77 89 89
11 79 60
87 100 25
74 81 16
30 90 10
69 85 1
82 89 89
42 49 71
55 70 48
98 100 53
59 90 5
70 97 69
96 100 2
83 85 6
6 100 47
18 70 41
15 76 10
97 100 49
86 89 3
59 83 88
23 39 71
15 54 12
77 83 99
82 86 55
17 82 1
88 95 72
89 91 46
16 23 1
3 12 62
74 90 47
42 53 96
15 100 82
53 76 28
47 99 63
28 72 68
82 91 39
53 95 79
86 88 3
76 95 59
16 32 63
31 60 99
12 59 18
30 32 49
23 83 32
35 87 61
94 97 56
17 55 22
58 83 20
99 100 6
63 76 57
73 87 58
26 27 94
60 70 28
5 20 32
96 97 85
81 88 3
3 33 19
4 53 36
86 94 76
87 94 84
26 94 27
47 49 37
54 84 56
63 64 51
26 31 16
86 95 49
21 55 10
99 100 70
90 99 81
91 97 34
12 95 51
86 87 98
85 89 56
96 97 53
54 94 1
20 98 17
53 55 74
93 95 29
48 99 8
8 46 36
17 58 16
42 60 45
59 65 69
67 88 3
79 96 11
85 89 97
83 86 7
30 66 18
42 83 70
82 90 29
88 95 75
77 80 56
35 77 27
55 97 36
87 89 95
36 58 78
6 70 83
13 80 76
31 50 63
69 100 1
12 97 37
92 99 92
29 65 70
8 63 36
66 72 70
55 70 60
57 74 26
93 99 12
52 78 12
81 98 50
64 93 62
44 74 82
99 100 92
66 98 8
90 92 83
11 18 35
96 98 9
12 13 83
58 69 5
76 97 33
42 52 38
43 89 22
56 83 49
66 78 44
15 38 21
14 84 33
62 66 99
62 98 21
25 86 12
42 88 45
38 70 14
96 97 14
46 71 29
42 78 68
73 91 62
17 33 88
57 95 41
45 62 66
11 61 67
44 64 63
42 66 12
14 68 68
21 85 10
84 91 67
49 62 77
58 81 48
40 82 96
18 38 3
7 65 35
15 41 8
91 99 85
61 87 68
38 73 91
25 27 67
78 80 100
5 45 46
89 94 84
77 78 59
3 51 68
78 95 27
14 77 54
23 82 32
40 65 42
48 82 68
85 89 54
22 36 38
6 12 95
59 61 50
77 93 71
19 45 24
94 97 85
64 89 93
46 94 83
17 86 98
60 100 5
1 81 32
59 76 13
28 74 29
99 100 64
68 93 39
88 93 68
96 97 61
9 66 30
64 72 69
93 100 55
78 79 13
11 33 72
78 95 11
82 92 69
19 56 40
87 91 87
72 100 2
29 71 58
30 85 76
19 96 100
14 42 96
16 71 66
48 89 21
16 49 2
81 93 55
26 100 15
92 94 74
22 74 45
99 100 80
37 42 62
88 100 45
42 63 88
48 79 27
81 88 22
34 44 23
69 100 22
34 66 16
32 91 63
44 81 33
99 100 16
71 90 89
28 94 64
41 79 42
59 74 5
65 92 10
55 90 3
35 74 61
2 14 93
61 89 40
75 87 2
96 98 2
88 95 75
72 76 95
78 90 88
19 98 87
34 100 5
36 42 98
48 84 12
77 100 36
42 80 77
13 64 76
41 86 30
39 42 18
93 95 34
80 88 16
54 63 73
37 82 57
11 98 6
5 26 28
62 86 2
90 93 14
10 57 35
49 58 33
84 90 48
18 90 89
2 4 62
22 24 57
59 72 51
97 99 15
68 88 50
9 99 83
98 99 99
5 52 100
4 53 27
87 92 89
82 97 87
94 96 44
97 98 1
41 61 81
56 79 12
54 92 6
82 86 55
29 48 92
19 50 41
3 44 36
97 99 47
33 83 34
81 97 43
45 82 18
98 99 18
32 60 53
72 88 86
88 91 26
29 73 37
82 96 96
11 68 87
66 93 56
46 52 94
79 84 91
66 93 48
46 61 35
52 81 88
35 59 84
99 100 30
87 96 51
51 89 47
73 96 53
39 51 74
52 91 87
81 88 100
34 68 59
58 70 93
43 68 29
75 76 60
90 100 43
38 80 45
75 85 19
60 92 72
76 92 65
3 15 1
50 65 55
14 64 48
38 83 71
83 96 51
95 98 18
4 60 39
20 48 78
29 31 31
88 92 64
45 50 22
28 91 42
4 53 69
6 13 71
7 50 36
9 72 92
27 60 5
65 67 99
35 38 27
74 83 8
18 43 5
6 64 83
80 97 76
82 85 24
4 41 20
94 96 36
70 79 21
11 12 6
34 71 41
75 83 16
19 20 36
29 47 50
66 92 97
28 51 87
44 76 22
1 77 63
53 73 36
26 82 74
87 95 82
68 74 16
84 99 33
61 94 37
83 96 52
62 96 17
9 91 18
57 59 81
91 92 41
3 89 66
85 92 86
81 85 95
46 92 25
32 71 73
52 77 88
62 92 89
89 99 34
50 82 52
60 84 26
22 40 9
16 20 90
79 97 32
35 80 8
19 92 39
9 57 19
6 93 4
77 96 67
8 18 13
71 79 16
47 48 100
80 86 62
47 51 74
72 78 18
18 29 96
29 74 39
49 93 76
77 80 75
30 92 65
18 54 97
76 81 67
37 66 97
71 94 52
78 79 76
89 99 17
49 76 20
51 98 79
40 45 54
14 74 61
21 31 2
16 33 61
75 78 92
96 98 65
24 66 21
59 62 57
19 91 42
44 62 96
71 82 80
44 74 83
47 56 59
69 84 10
80 85 38
60 87 59
20 73 98
36 39 49
8 55 7
58 74 96
9 53 43
26 87 52
92 94 49
66 91 10
90 100 42
14 39 90
58 87 6
90 94 46
96 98 81
76 96 32
31 100 18
85 91 94
14 82 53
57 73 4
9 78 89
50 94 54
67 98 98
12 38 82
48 89 8
16 95 11
28 78 27
87 90 72
42 45 4
37 79 24
62 77 28
68 80 14
91 99 87
71 81 1
83 86 80
52 85 8
52 66 38
57 97 62
79 83 98
41 55 96
9 20 30
66 97 80
65 77 83
29 87 72
20 94 60
65 96 81
40 68 77
48 95 44
51 76 44
61 97 5
10 48 48
30 94 52
7 77 82
63 71 49
55 92 46
27 81 32
92 95 26
5 46 23
94 97 48
32 72 68
10 13 100
77 78 66
13 85 47
95 99 98
59 82 41
16 85 19
53 62 4
25 27 42
75 77 87
25 86 48
7 27 43
84 89 47
15 20 66
52 64 75
75 89 95
98 99 77
61 91 48
44 68 87
42 54 53
60 82 59
23 88 51
66 71 55
91 97 66
27 48 16
38 99 90
96 100 56
45 77 21
86 94 32
64 77 45
63 96 63
64 87 20
36 49 83
26 64 22
96 97 45
43 49 40
15 84 32
78 85 66
6 68 54
3 93 89
31 94 78
89 97 68
92 96 23
8 97 15
65 87 32
99 100 80
62 66 76
95 97 21
26 76 56
83 87 46
91 97 60
12 86 87
32 64 83
58 61 65
3 45 6
54 58 26
84 91 46
40 91 23
57 71 66
75 92 63
20 35 70
37 79 99
80 94 23
96 98 20
96 97 61
2 47 86
78 99 100
65 67 5
90 91 81
89 95 72
78 92 35
20 66 59
42 46 21
41 55 53
30 53 18
82 90 54
7 45 55
9 96 13
45 86 42
9 23 95
69 97 42
10 72 100
73 76 96
33 54 76
29 59 37
10 71 91
70 84 54
27 30 48
1 69 4
17 82 6
63 89 60
2 15 65
40 46 76
34 48 48
56 83 34
69 100 53
86 96 3
6 40 49
89 99 39
21 22 15
47 60 90
69 91 94
90 93 75
16 91 34
9 13 97
68 80 18
5 63 34
60 93 55
90 93 1
88 89 75
57 89 40
72 89 29
41 42 57
79 99 83
69 85 55
66 78 18
92 95 76
21 60 66
17 44 22
71 80 13
9 89 54
48 93 16
48 58 71
68 87 26
67 77 6
83 99 5
47 91 58
99 100 5
82 85 87
38 39 85
74 86 1
71 89 98
57 68 62
98 99 33
31 46 80
16 38 52
25 40 16
74 86 7
34 65 42
3 87 94
47 51 80
72 79 29
41 61 72
82 88 4
29 74 56
56 93 94
45 66 70
93 99 41
2 26 33
97 98 100
13 51 93
88 100 61
43 96 9
17 68 36
84 89 78
91 96 6
51 65 22
56 82 73
89 97 6
41 51 9
50 92 9
78 100 27
95 99 34
91 98 98
13 83 68
77 79 90
84 89 40
54 67 20
4 41 22
14 15 96
39 97 76
96 99 30
91 92 38
43 81 98
81 86 11
30 84 9
39 60 17
25 73 67
62 69 43
25 72 86
48 62 64
3 98 92
17 40 26
77 90 57
87 97 73
55 79 41
78 99 78
68 71 54
63 74 69
63 68 36
51 52 89
38 49 80
1 71 14
21 70 67
79 83 77
60 67 81
9 69 45
85 87 99
53 77 51
77 84 98
2 57 68
51 64 7
9 49 86
19 70 65
75 90 84
73 79 22
28 54 26
70 84 38
67 75 99
96 98 7
40 80 73
74 92 35
36 62 53
51 79 30
52 97 17
86 87 67
99 100 83
32 91 61
67 99 37
44 85 69
94 97 13
47 68 71
58 82 39
25 38 80
83 96 23
75 80 52
76 95 39
47 56 94
86 87 15
3 96 67
28 78 62
60 73 12
76 95 52
71 99 48
36 100 67
4 91 44
6 9 45
9 83 22
26 100 81
54 83 19
3 77 29
13 91 55
96 99 52
91 94 61
93 95 16
73 96 66
47 72 35
89 99 25
61 95 97
81 86 17
30 35 35
24 54 88
34 96 48
28 97 76
99 100 70
21 68 92
51 55 87
63 94 25
58 96 12
31 77 45
98 100 61
13 54 82
26 31 57
67 95 75
12 77 94
38 94 5
8 67 72
33 45 18
76 83 42
78 92 65
46 67 3
75 90 73
99 100 42
77 79 24
40 85 62
17 60 75
82 89 17
42 76 52
43 63 93
30 70 58
13 92 78
17 57 49
91 94 46
13 55 62
87 99 60
46 56 20
46 48 81
2 22 14
21 98 41
43 66 67
91 94 40
89 96 60
43 75 72
30 73 75
99 100 90
84 96 68
68 84 42
68 75 80
65 95 79
15 73 36
57 96 83
13 69 74
42 54 61
88 96 79
82 89 23
14 77 28
51 99 76
24 37 43
75 82 65
7 85 26
13 44 51
7 84 5
39 56 54
67 77 94
15 32 1
89 94 52
26 88 91
49 72 3
57 70 4
86 88 78
40 79 11
25 29 49
63 100 96
31 68 15
67 68 18
18 61 14
70 78 94
25 34 99
74 80 89
63 97 58
27 31 44
68 85 13
3 83 62
20 28 21
66 74 81
59 84 53
70 100 56
79 83 94
14 81 27
12 90 5
99 100 57
78 81 16
28 51 88
71 97 10
30 56 9
15 89 69
30 80 75
87 94 89
30 85 86
60 87 25
22 51 6
58 81 69
85 88 80
35 99 13
99 100 3
94 100 54
21 73 38
80 97 79
30 79 74
72 78 26
73 94 16
34 64 36
52 73 79
53 77 94
76 77 94
41 70 89
83 93 56
13 94 82
99 100 19
35 42 85
84 92 8
8 83 73
31 86 24
28 34 23
89 97 23
64 76 28
35 44 46
15 63 82
21 43 94
18 87 47
19 30 9
1 86 100
27 55 88
85 88 3
61 64 64
5 23 63
97 100 67
44 79 25
33 98 27
35 58 63
25 49 18
82 92 11
59 79 40
77 78 53
40 76 26
84 96 89
34 80 46
69 83 96
8 9 6
31 41 64
70 79 58
38 58 57
74 78 22
49 78 95
12 42 43
14 44 37
33 95 60
20 39 26
38 100 98
57 88 80
80 90 40
75 99 13
79 93 58
74 91 58
48 72 44
99 100 10
68 97 93
65 97 27
11 65 89
41 96 13
71 86 67
49 56 6
98 99 30
88 89 14
58 60 40
75 89 49
94 100 32
64 80 71
61 83 33
92 97 23
75 78 24
84 95 33
93 95 44
36 62 61
72 88 39
14 44 93
23 41 94
64 67 57
56 89 73
56 63 70
48 84 41
94 99 31
51 67 69
74 84 75
27 67 74
34 100 9
30 55 20
33 96 33
92 100 9
90 94 32
67 80 56
64 93 56
93 94 64
87 98 53
98 99 71
50 55 22
91 98 56
76 99 92
60 94 79
16 43 46
21 31 16
40 73 72
20 34 52
85 93 1
78 100 42
3 30 23
80 99 26
44 70 18
2 40 39
44 97 68
68 69 60
52 75 1
22 91 50
71 85 38
27 44 41
37 87 53
3 86 13
46 94 16
89 94 2
69 93 53
4 48 37
44 84 43
75 98 34
9 87 18
62 83 9
92 99 3
53 57 49
16 39 64
7 65 65
72 89 89
40 74 89
15 57 7
77 80 52
55 73 7
84 95 85
34 97 79
28 100 49
83 100 8
50 59 41
4 38 100
98 99 37
22 69 52
80 92 10
72 93 12
49 100 7
48 50 94
64 85 92
68 71 9
58 73 79
46 87 21
94 95 85
18 49 65
61 88 100
32 82 12
68 72 33
12 94 85
1 54 65
34 88 50
68 97 86
20 56 26
67 81 82
86 98 24
4 67 80
96 99 16
83 88 100
26 52 62
77 98 30
15 94 71
88 95 88
90 98 12
77 92 32
29 81 3
51 83 86
83 98 78
4 38 56
44 70 41
27 34 58
68 100 50
58 74 62
18 56 77
19 44 17
75 100 53
74 87 25
5 31 27
44 62 71
40 69 14
24 86 32
43 60 2
94 96 3
70 97 67
45 70 94
83 94 92
34 71 53
37 70 30
69 91 65
87 89 91
36 72 14
47 97 59
1 33 44
54 73 49
58 90 13
14 18 84
46 59 29
4 84 59
72 87 76
16 92 54
60 99 26
13 82 24
79 100 64
84 87 71
87 94 82
66 94 9
85 89 68
34 38 7
56 65 18
1 63 83
97 98 11
22 84 18
7 84 60
6 43 25
63 98 67
41 80 67
59 62 52
1 91 51
11 72 18
43 50 48
59 81 32
97 99 73
27 61 94
34 58 93
27 47 81
7 17 22
16 76 13
17 25 89
37 47 91
37 77 11
91 95 99
77 83 83
85 95 89
39 70 91
33 69 34
26 46 33
1 65 4
38 47 17
81 86 12
52 72 10
10 52 52
53 60 5
4 19 96
67 98 87
59 86 84
31 99 69
72 100 75
51 87 58
49 62 17
70 99 72
51 56 11
64 90 97
66 72 43
14 35 50
21 73 80
82 86 60
50 63 59
96 99 56
56 61 6
76 96 68
9 60 39
83 84 41
35 89 25
92 97 25
1 92 65
91 97 52
7 69 67
68 86 5
15 32 85
58 83 19
3 4 34
73 74 19
51 53 29
43 99 6
59 87 37
99 100 91
60 86 42
96 99 97
2 64 4
81 94 27
15 35 16
32 57 45
17 28 18
83 85 35
61 96 74
74 88 83
93 100 12
11 39 69
60 70 62
8 77 65
44 77 30
74 80 81
26 73 93
72 80 10
76 91 100
55 64 78
74 85 3
72 100 50
30 86 95
17 41 39
37 53 37
68 81 85
62 70 73
72 86 5
41 76 54
17 20 100
19 85 74
51 80 65
61 70 33
95 99 83
92 93 91
57 74 35
70 71 30
41 68 74
67 96 15
65 100 6
23 36 53
83 85 88
90 94 98
92 94 33
11 80 96
8 68 73
64 67 33
92 98 81
24 99 96
96 98 66
47 90 4
38 61 77
20 69 85
21 31 37
38 89 3
37 67 81
49 99 61
64 69 52
5 71 46
71 86 48
11 35 22
16 45 71
50 52 23
59 97 89
84 92 48
65 68 31
33 44 67
8 87 69
98 100 14
34 43 2
2 48 37
87 88 46
45 94 73
38 94 39
27 74 23
19 84 44
15 18 87
60 75 43
78 87 68
55 87 78
8 55 78
2 31 85
62 100 33
67 100 85
20 33 22
47 51 28
53 71 34
67 83 8
25 95 5
95 98 75
23 62 89
67 99 90
35 48 5
31 74 6
62 85 53
67 95 81
19 63 11
35 99 44
90 98 98
64 76 99
96 97 83
78 100 47
6 55 85
25 81 9
29 88 81
35 54 64
74 93 13
48 69 52
31 66 51
77 96 70
78 81 17
81 86 83
67 82 44
72 74 63
36 49 39
60 99 43
89 95 38
81 90 45
14 46 13
99 100 4
20 82 51
2 67 62
19 66 14
50 81 64
53 54 59
60 92 28
1 18 61
61 86 75
92 94 100
62 66 22
34 62 9
39 49 62
92 93 65
14 43 5
89 99 60
7 16 1
46 78 77
60 91 27
79 86 77
8 22 81
81 95 18
47 88 90
29 92 28
98 100 22
83 94 86
54 89 40
22 69 34
45 86 99
36 52 6
52 74 78
77 79 19
89 97 37
59 87 50
30 31 85
90 99 70
90 91 86
40 70 72
84 85 62
95 100 98
74 84 78
94 98 23
59 72 29
32 72 70
59 88 95
57 61 9
32 55 89
83 97 96
42 67 82
58 88 29
92 94 47
12 19 17
14 48 47
39 85 55
68 80 34
23 44 82
97 98 93
37 71 82
2 71 65
49 86 31
97 98 80
2 86 40
10 50 94
58 94 60
89 90 56
65 67 63
13 83 88
34 57 68
95 96 6
94 100 71
21 70 5
20 77 75
46 99 84
18 73 22
65 71 18
53 72 43
72 100 18
24 33 12
78 88 30
94 95 77
92 99 65
84 98 95
51 75 86
97 99 26
25 33 85
90 93 60
61 75 79
13 57 13
68 82 27
76 95 20
64 84 96
71 79 55
20 87 83
74 79 21
43 76 17
50 62 100
93 96 89
4 9 67
73 86 28
39 95 36
50 63 83
97 98 26
81 85 77
34 83 25
93 95 42
82 84 19
77 89 91
15 41 67
28 69 61
71 85 62
52 88 37
3 19 19
66 90 1
37 52 71
40 68 75
31 65 85
43 90 81
5 46 99
94 98 72
43 48 4
40 42 34
75 97 65
28 44 5
8 37 22
23 67 55
1 41 22
73 97 30
41 59 56
21 92 15
79 94 90
65 87 66
98 99 34
98 99 34
74 89 97
63 83 18
70 98 98
50 53 2
83 88 82
96 97 77
57 77 86
84 94 62
56 72 84
83 97 33
15 57 34
28 74 31
32 61 94
89 99 61
84 93 68
87 90 87
87 89 54
30 42 84
13 19 57
80 96 31
21 57 13
52 61 52
13 85 58
29 78 47
83 92 42
76 93 22
79 82 91
70 71 7
4 59 62
13 89 84
6 81 12
96 99 16
94 95 96
47 95 56
82 97 15
80 97 33
42 76 38
71 93 53
62 97 52
50 75 62
66 69 100
20 60 82
72 95 13
66 75 81
12 43 97
43 84 74
25 41 87
79 99 66
65 74 40
29 60 93
37 78 95
27 80 2
98 100 98
87 92 87
88 97 8
50 94 63
58 64 18
66 73 13
61 64 79
86 96 98
5 24 25
82 98 15
95 100 55
3 50 44
25 91 92
96 98 40
6 62 24
43 46 1
64 92 9
81 93 89
33 60 71
94 100 92
24 86 86
78 83 68
26 54 54
21 62 19
42 82 3
38 100 16
81 91 7
83 100 71
62 69 88
35 67 57
72 97 46
15 35 49
23 84 57
73 81 72
46 73 41
41 77 2
80 93 78
18 50 73
16 85 81
51 89 90
6 26 48
22 44 73
4 53 33
65 87 23
64 72 9
63 81 75
64 84 61
19 90 99
8 30 51
49 100 86
53 57 100
10 51 46
68 91 77
57 98 44
7 31 23
44 72 54
55 96 45
71 77 51
27 64 44
73 85 100
20 73 69
60 80 58
48 58 20
21 49 66
49 89 79
45 84 65
76 89 90
92 99 92
96 99 38
76 96 20
7 62 17
48 88 73
73 87 73
48 68 5
62 75 90
14 59 55
23 96 6
16 28 96
25 64 47
60 70 16
45 86 62
37 47 61
77 94 32
84 100 4
34 52 3
21 47 53
82 95 65
49 84 53
91 99 47
21 44 11
32 76 40
82 87 45
35 76 87
83 100 43
63 94 73
91 95 41
5 7 33
53 62 96
58 99 42
38 90 37
25 90 61
97 100 33
61 73 82
32 90 24
70 92 32
12 29 65
12 75 20
18 28 7
61 69 50
32 66 44
33 53 86
7 11 17
30 57 13
13 95 76
43 82 81
90 95 13
74 84 81
8 12 55
83 94 93
59 67 51
83 86 50
27 47 88
51 87 63
13 58 93
40 70 66
73 83 14
25 83 88
33 78 53
22 85 76
11 92 52
3 83 21
93 95 82
77 92 21
57 69 9
64 73 2
16 39 12
74 87 20
86 96 43
26 72 32
75 90 51
3 77 1
64 72 63
82 93 39
34 64 39
26 86 10
44 72 11
57 97 11
57 95 7
1 28 72
1 14 34
52 94 14
29 42 92
19 47 59
70 73 91
78 89 87
23 55 5
89 100 4
30 75 89
31 60 46
62 77 7
48 73 75
12 65 48
60 95 83
55 79 12
4 80 30
55 95 55
33 54 29
98 100 2
71 88 11
35 80 71
18 93 52
2 54 72
37 75 38
21 60 18
98 100 2
11 62 82
93 95 99
14 44 71
42 83 60
84 100 16
2 70 87
44 47 51
25 58 54
45 91 49
26 52 54
30 48 79
53 85 35
80 100 32
44 72 88
26 81 83
74 90 86
55 81 78
54 62 25
66 80 91
21 70 99
9 48 16
22 98 42
92 97 5
45 56 16
2 13 85
7 84 27
11 40 54
51 96 54
3 32 48
69 83 16
8 84 83
7 29 3
37 77 35
28 98 16
11 61 52
99 100 59
22 43 91
80 97 47
72 93 8
4 44 12
65 93 72
1 27 69
42 80 84
42 44 24
77 81 26
87 100 59
67 79 36
96 97 92
14 98 7
20 92 30
63 74 66
63 82 50
13 31 39
15 35 6
89 97 30
69 71 55
4 36 98
42 84 54
18 99 34
68 99 82
78 79 49
72 84 25
89 95 48
98 100 35
25 36 49
92 95 12
16 50 85
39 74 37
23 44 83
22 36 10
24 66 83
7 91 38
8 67 85
47 81 61
35 40 27
89 97 82
3 97 95
2 22 81
7 85 90
53 96 68
63 74 52
89 93 33
86 87 96
86 97 22
50 54 55
45 75 71
95 97 56
99 100 76
19 37 100
81 89 33
16 91 42
77 78 74
30 33 19
84 99 19
38 52 57
23 24 27
29 77 14
80 94 35
74 89 30
96 100 23
27 70 83
6 74 59
58 91 88
21 97 85
80 95 23
37 40 70
26 53 85
25 60 43
35 54 38
85 86 87
67 100 26
75 100 10
39 75 54
8 33 16
47 58 12
29 63 40
74 91 31
71 99 1
84 98 83
98 99 34
57 84 4
96 100 52
30 96 72
38 92 76
8 45 6
72 84 15
43 78 9
67 84 44
60 61 70
70 93 97
80 92 8
40 93 5
26 47 11
94 95 1
64 87 49
60 61 65
16 62 82
30 68 28
97 98 18
15 92 64
54 66 54
99 100 51
60 89 30
59 93 5
31 84 1
98 100 77
29 97 43
59 80 98
23 94 43
30 68 21
17 82 23
87 95 89
81 88 40
23 99 79
2 61 91
24 88 41
17 22 2
34 57 93
89 98 62
39 81 20
57 78 4
66 70 68
45 66 93
38 70 81
75 78 93
80 100 45
52 56 37
20 99 35
48 82 43
13 34 77
42 97 86
18 23 42
91 98 37
62 66 19
17 87 51
56 81 63
81 91 25
6 40 94
84 89 93
39 71 57
27 33 26
90 95 2
66 95 20
8 100 87
69 91 53
85 88 85
31 69 38
51 93 3
97 99 99
31 83 81
54 89 86
59 83 19
3 65 78
94 100 45
10 39 8
81 92 6
93 96 97
95 97 83
59 83 46
24 69 67
30 50 45
99 100 4
87 98 80
98 100 92
28 73 53
21 83 47
36 37 45
81 98 81
89 90 28
66 85 86
56 85 20
99 100 50
35 41 90
29 82 61
30 98 32
43 86 57
44 57 22
76 81 9
63 88 88
3 33 84
89 95 41
33 99 88
95 99 5
59 64 29
2 8 59
59 74 83
14 15 65
23 38 87
90 94 64
41 61 65
24 93 74
19 66 72
58 61 42
49 58 79
30 54 27
20 35 100
82 84 48
96 97 64
84 91 2
78 87 93
61 68 82
58 71 70
37 94 9
74 83 84
84 91 96
6 75 99
78 87 81
23 36 90
95 98 61
43 74 26
18 97 94
22 31 12
61 85 16
14 43 36
57 95 18
30 55 52
91 97 100
30 58 52
27 51 45
9 91 41
25 71 48
40 44 65
85 94 8
45 64 28
93 99 25
32 71 60
25 91 65
8 61 8
54 87 57
10 92 33
43 98 3
92 95 45
21 88 90
64 100 6
17 51 82
60 68 98
15 53 11
77 85 33
87 93 28
28 71 8
45 100 13
31 68 17
89 91 31
71 100 88
81 92 19
76 87 25
97 99 7
84 94 97
7 75 24
82 93 26
60 83 98
10 80 73
4 21 44
75 83 22
18 59 69
74 98 87
14 30 11
83 95 43
30 77 44
38 46 90
81 88 41
3 29 58
71 72 41
50 62 41
86 90 98
40 89 63
31 95 17
69 99 47
97 99 63
2 87 90
19 35 65
92 97 48
91 93 32
68 94 50
40 71 29
15 29 27
90 93 68
34 45 20
69 74 75
64 66 53
89 95 81
14 95 67
58 69 63
41 42 73
10 81 35
11 18 54
38 96 79
49 52 24
78 92 39
54 70 69
47 93 66
48 80 38
41 82 90
5 38 2
29 41 62
24 43 14
46 59 90
86 100 73
82 88 41
12 19 91
99 100 90
79 85 21
14 85 55
91 97 78
13 30 58
70 94 88
65 70 29
36 87 50
41 50 80
21 76 49
79 98 25
70 81 32
40 42 81
75 86 18
70 80 100
24 99 65
20 90 14
45 89 73
76 93 4
12 100 61
75 84 74
82 91 83
75 90 72
65 72 18
37 40 80
36 55 78
22 58 85
18 98 98
73 92 99
89 91 34
91 98 13
41 96 67
83 99 59
36 74 37
97 100 24
30 48 25
90 95 17
41 51 85
73 94 78
82 91 40
88 98 78
84 96 11
99 100 12
21 30 100
55 83 57
37 39 40
87 100 71
93 100 25
29 43 12
60 66 76
80 88 74
40 83 73
21 62 76
71 83 69
14 50 4
43 56 7
33 58 88
29 31 59
7 87 90
53 91 41
81 100 49
55 61 29
17 54 69
7 92 87
31 96 70
3 52 67
54 70 57
37 60 65
15 66 84
20 61 53
89 99 34
8 49 38
12 17 14
38 58 93
35 90 79
99 100 41
29 87 79
20 55 61
3 40 55
48 61 58
39 55 9
43 52 43
92 99 27
46 100 30
1 15 59
28 63 38
76 100 100
10 33 42
70 79 40
81 94 75
77 97 52
4 8 85
16 71 37
65 69 71
17 96 70
80 96 42
5 10 46
98 100 72
10 24 74
80 92 72
83 95 26
23 38 4
68 70 16
80 81 40
6 56 69
40 92 20
95 99 10
97 99 35
54 95 52
64 97 4
8 48 77
51 89 82
73 97 22
61 79 16
17 76 77
21 50 51
35 100 3
28 88 23
35 74 73
57 59 16
73 78 90
33 59 75
74 86 3
24 75 66
81 82 94
48 71 7
84 86 15
4 48 64
50 92 87
78 99 84
92 97 35
27 60 42
77 96 78
13 66 83
9 32 88
36 46 28
99 100 83
13 98 99
80 83 35
46 86 90
17 84 13
44 50 20
61 77 91
85 96 63
14 98 44
13 77 54
5 48 35
51 89 15
36 51 1
93 98 45
20 76 42
8 62 98
90 91 33
31 99 92
96 100 83
97 99 41
58 61 80
21 86 7
38 70 63
74 92 24
63 64 6
44 78 47
46 58 85
12 25 37
50 76 7
10 30 49
77 79 44
47 97 43
37 48 82
5 93 24
52 70 23
67 76 33
47 59 84
71 88 4
59 93 57
88 99 34
76 100 74
62 72 13
34 91 18
61 79 51
23 32 8
65 93 95
16 87 15
38 60 97
52 61 46
2 56 69
76 79 56
9 19 54
37 78 82
7 32 100
81 94 33
46 84 47
45 89 82
44 80 92
34 86 93
34 87 32
54 58 25
61 81 64
41 56 91
32 62 58
86 92 52
62 80 45
43 48 10
9 43 25
34 72 89
42 76 36
63 94 55
74 96 92
45 59 41
12 70 25
52 71 15
90 97 12
2 54 28
94 100 15
35 74 74
81 93 95
66 88 60
95 99 19
54 69 21
4 100 8
50 83 36
21 49 61
72 93 41
29 30 14
20 45 40
43 99 79
87 89 72
81 88 88
91 94 98
24 84 18
42 61 2
87 90 74
68 99 53
36 62 72
21 36 24
51 74 2
59 61 93
11 86 40
68 76 92
64 70 70
77 82 61
36 92 100
4 99 45
86 92 86
48 94 45
33 77 21
11 80 57
74 96 21
17 80 7
91 97 3
12 42 91
3 98 36
11 51 34
93 95 1
1 88 7
85 97 24
10 74 66
62 83 91
6 9 64
48 60 34
2 72 7
83 95 10
59 87 68
53 73 99
89 91 74
54 70 68
84 100 82
37 97 37
98 100 8
66 67 70
28 94 41
24 78 46
1 6 56
77 95 18
89 98 55
88 89 8
89 96 42
53 80 35
78 95 22
14 41 37
22 59 42
75 97 81
35 68 96
72 98 38
30 70 93
7 30 84
90 97 98
70 84 63
40 54 65
56 74 21
11 53 46
59 77 11
76 78 72
77 84 39
3 46 42
97 100 25
60 80 1
72 74 43
34 97 87
3 36 9
31 79 50
33 48 35
90 93 60
43 68 41
48 49 71
25 72 30
1 40 95
65 76 99
27 84 6
40 62 7
46 94 99
49 77 60
97 98 41
86 95 76
71 91 34
77 92 34
69 91 86
14 32 45
46 60 93
89 96 56
71 75 44
77 99 3
97 98 85
65 79 80
2 37 74
70 75 22
83 95 86
87 93 60
32 44 4
10 66 84
71 74 59
15 39 61
13 57 60
49 60 77
49 56 14
84 96 37
76 92 10
14 38 18
92 98 97
20 47 87
61 74 48
81 95 10
60 93 62
46 90 27
36 95 21
84 97 87
71 72 45
8 25 35
97 98 34
84 93 21
46 62 27
53 77 13
69 98 27
64 81 7
68 79 32
73 98 74
38 43 98
63 94 60
59 91 72
76 85 13
24 75 17
62 85 20
8 17 81
61 78 67
26 30 76
59 99 41
2 58 77
89 99 44
67 87 59
72 95 41
31 70 27
53 54 26
87 95 34
32 74 23
90 94 89
38 66 44
24 37 40
29 75 68
46 64 98
51 98 6
49 86 61
94 100 65
89 91 48
3 38 28
9 32 40
28 55 95
6 73 14
89 92 2
90 97 91
76 95 80
55 85 73
67 77 36
44 84 53
40 48 13
73 83 75
83 86 16
23 93 43
81 93 66
96 97 34
80 85 96
35 68 18
66 73 67
85 95 24
31 60 34
21 75 71
58 73 76
35 88 52
41 85 53
87 98 76
43 90 61
80 87 89
34 81 90
89 94 54
28 62 12
36 70 77
78 80 6
81 92 58
1 76 28
40 66 27
3 47 76
46 51 56
99 100 42
58 59 45
57 97 69
45 87 49
61 72 12
96 100 43
91 95 6
38 62 16
91 99 61
19 66 42
93 96 91
11 27 94
62 72 60
85 100 50
99 100 96
10 79 73
58 95 65
48 96 66
1 86 68
8 84 67
11 97 4
55 84 49
12 43 51
14 16 23
13 67 82
2 66 87
52 99 98
81 100 56
83 99 16
18 28 93
99 100 91
67 96 36
27 78 62
98 99 57
75 92 42
54 90 23
96 100 28
65 99 72
9 73 5
88 93 91
56 75 91
87 95 59
86 89 7
7 27 10
51 75 15
49 74 42
69 73 43
23 88 55
66 75 18
41 58 23
43 88 68
70 84 17
5 55 11
52 91 54
46 49 62
7 24 59
52 95 28
67 98 98
16 25 95
60 61 98
74 98 87
26 80 53
61 65 85
52 56 18
67 91 41
33 45 26
74 86 36
53 60 63
47 78 85
33 88 41
91 92 99
83 84 87
79 97 10
25 45 66
5 37 73
26 51 75
87 98 85
57 95 95
3 95 87
51 56 42
84 91 6
80 89 45
12 57 75
99 100 4
43 91 95
98 99 3
41 61 14
67 86 90
44 91 35
52 88 5
14 63 72
42 92 86
86 92 48
84 90 7
99 100 40
93 97 22
77 83 81
35 85 7
74 93 69
83 91 66
86 97 18
89 99 95
74 80 99
29 94 73
68 83 75
79 96 12
77 86 64
79 99 100
83 88 55
64 65 66
13 64 56
23 43 63
85 94 47
1 6 39
80 98 91
88 93 41
3 92 22
71 95 47
29 70 6
32 64 74
68 97 20
9 40 12
32 55 2
44 80 50
5 84 29
63 79 38
64 84 23
20 92 28
34 63 66
32 44 76
52 69 83
68 90 79
75 100 70
10 50 55
6 50 26
53 67 17
69 100 39
25 39 31
32 35 84
25 59 24
76 82 22
39 90 76
86 87 44
40 62 60
69 86 10
79 86 26
58 62 91
36 55 50
3 37 72
27 35 46
90 93 7
53 57 86
40 85 77
82 99 45
95 97 57
59 75 99
86 87 33
40 90 43
25 46 8
37 68 50
35 98 24
20 59 42
80 90 32
16 74 29
86 94 46
86 89 49
27 83 68
20 84 38
88 100 75
17 47 27
32 39 17
4 80 62
93 95 19
11 19 60
9 49 34
11 12 66
13 15 2
22 76 44
60 80 15
22 23 100
27 100 61
63 99 74
3 15 28
43 79 76
36 45 78
36 78 14
7 98 54
67 75 10
22 62 79
72 95 97
40 86 65
54 57 25
74 87 70
75 95 49
22 25 44
63 77 48
15 67 90
11 79 57
16 94 86
61 93 47
71 91 37
25 36 34
73 94 60
84 90 21
69 89 86
27 81 98
41 45 81
92 98 29
91 97 34
17 31 11
88 97 84
18 93 79
59 97 78
3 79 64
45 77 62
40 42 37
11 90 57
93 94 80
78 99 98
55 92 62
89 91 73
32 74 38
21 89 1
71 95 36
39 48 1
43 95 23
18 57 59
4 20 90
2 76 54
87 98 36
48 86 33
99 100 14
25 32 90
69 93 21
18 99 62
62 71 19
16 71 53
62 88 91
14 43 72
88 93 51
87 96 22
12 20 74
48 69 39
49 66 24
53 68 93
47 64 68
33 41 93
12 99 43
83 98 65
18 81 52
36 58 1
3 18 98
53 89 16
61 81 45
19 30 44
81 88 26
61 82 93
45 51 4
64 100 17
27 48 3
99 100 11
28 98 72
71 94 6
97 99 72
37 69 85
16 68 33
57 69 25
36 57 68
60 68 84
9 64 22
33 88 94
86 91 64
86 97 92
59 60 14
70 95 14
3 76 43
93 95 9
41 72 82
86 92 97
46 59 86
18 82 6
24 91 27
24 57 84
28 83 49
72 73 94
36 90 58
98 99 21
60 100 33
92 96 39
60 94 36
81 83 33
72 80 97
23 55 82
65 95 48
86 89 85
31 85 20
28 72 49
20 80 71
72 98 16
53 91 80
13 70 39
90 99 98
39 94 96
78 84 97
41 96 53
58 87 38
90 96 66
18 84 60
34 63 11
69 74 67
59 94 11
73 88 21
64 73 46
2 5 60
69 99 46
11 28 17
2 89 53
18 99 22
87 88 37
30 31 22
53 75 28
47 56 41
41 97 50
79 83 65
33 88 27
30 35 74
36 38 73
75 84 16
80 81 38
89 93 24
76 93 22
64 77 34
70 78 33
40 82 62
71 83 58
52 76 33
48 71 92
71 90 20
52 90 91
13 21 76
62 77 46
68 86 63
95 97 66
90 95 46
45 91 9
12 58 97
28 44 2
24 50 27
92 96 81
61 72 98
24 91 94
76 90 74
52 56 27
13 52 96
33 77 55
52 54 34
43 51 13
47 58 63
92 97 45
11 47 56
36 90 11
62 65 48
95 97 38
44 99 99
33 62 1
6 43 87
71 83 42
42 97 26
61 84 32
62 78 64
52 81 67
79 99 74
75 77 83
38 50 57
9 99 41
25 82 22
62 66 86
47 60 26
43 53 72
50 98 5
93 96 61
82 92 27
89 97 28
45 92 98
88 95 15
74 95 90
34 86 55
91 93 14
97 98 13
59 80 36
43 82 4
26 38 61
98 100 67
36 54 30
80 90 3
31 54 44
76 80 34
33 39 68
26 67 79
39 62 89
94 97 37
6 52 98
96 99 20
51 64 5
96 97 57
97 100 38
24 42 72
11 57 58
66 89 63
76 87 66
69 97 86
33 71 1
16 64 80
14 51 22
86 87 38
26 63 7
23 58 79
22 27 72
29 69 81
52 96 66
56 67 97
77 96 62
83 90 43
17 73 3
81 86 37
95 96 98
90 96 45
82 100 2
32 34 76
23 27 1
40 98 63
81 94 16
91 95 58
17 59 40
10 49 44
68 81 13
3 68 63
80 87 82
52 93 25
40 79 38
34 69 4
23 76 53
4 20 15
88 91 14
30 49 73
9 74 67
91 95 100
8 78 81
73 75 63
55 68 34
14 61 22
28 52 45
1 56 43
74 92 17
86 93 48
39 47 90
71 99 13
80 97 12
66 80 53
2 73 40
40 87 69
44 73 27
16 82 4
71 96 78
98 100 75
79 85 96
42 78 62
4 33 34
69 100 20
5 11 74
56 62 56
32 54 39
77 87 86
25 61 20
90 98 85
48 55 63
14 53 79
61 98 51
40 49 61
49 52 54
26 76 37
24 57 49
82 96 67
86 100 16
20 81 100
2 3 23
14 56 52
34 80 76
11 84 39
87 89 96
74 75 46
74 98 70
53 94 92
72 73 60
92 95 92
60 94 9
53 86 13
87 93 100
58 79 46
74 78 82
27 100 94
35 63 28
76 94 18
44 48 42
44 77 60
69 93 50
34 90 9
50 100 29
61 78 59
99 100 25
61 79 89
80 83 53
72 79 18
21 28 51
42 43 87
95 96 35
43 94 63
85 95 75
78 97 2
56 94 86
69 98 67
72 74 38
90 91 42
74 76 28
25 80 32
51 57 19
86 91 93
67 99 52
84 89 90
40 97 25
82 86 45
28 47 80
18 88 87
1 57 39
90 92 23
85 92 43
26 72 19
32 99 97
94 100 64
88 94 10
75 99 69
26 94 10
33 91 60
58 83 48
36 46 80
31 83 37
48 77 77
89 92 14
34 67 82
18 54 94
93 100 1
31 38 62
64 88 52
21 85 19
96 99 78
17 60 13
9 88 4
62 98 13
63 82 37
85 98 43
94 98 77
7 48 38
90 94 86
78 86 83
64 81 7
92 95 27
51 72 84
71 85 71
85 89 55
12 52 18
29 40 70
43 52 38
37 44 87
14 85 36
92 99 91
15 29 70
97 100 30
67 99 81
94 95 75
44 62 6
23 31 58
57 65 33
87 95 59
59 65 63
17 40 66
14 93 3
26 37 7
55 56 4
14 91 12
79 84 75
85 97 72
43 48 26
22 41 72
73 99 93
7 62 99
11 19 65
30 79 56
76 100 17
51 85 89
92 93 18
70 93 51
99 100 79
4 74 79
65 95 52
35 75 6
42 84 57
61 82 28
8 21 80
77 82 83
15 84 7
70 88 84
55 70 70
20 67 2
12 30 51
64 75 93
76 97 31
91 92 53
36 96 41
84 96 78
58 71 75
96 100 24
8 98 26
62 90 16
79 91 86
54 71 34
58 96 95
63 82 40
89 93 91
10 44 35
26 79 60
70 75 83
36 57 91
93 99 52
89 100 38
54 91 18
13 64 24
32 93 34
92 94 71
1 61 67
12 81 3
7 97 50
7 23 78
42 52 21
57 79 97
87 100 19
45 56 49
92 93 97
66 76 11
56 96 45
4 14 100
84 92 9
61 89 9
21 27 71
88 90 22
30 33 69
8 25 97
46 66 5
26 83 51
11 61 42
44 89 51
60 81 66
87 95 8
25 54 61
94 98 89
84 92 69
91 95 59
60 99 32
48 76 100
81 94 66
59 71 21
56 100 47
26 40 75
31 72 31
83 100 30
97 99 10
56 61 18
30 87 76
37 53 78
22 63 17
98 99 98
4 24 44
39 66 35
3 11 19
31 75 27
8 73 49
88 100 84
36 46 90
40 53 61
52 91 40
43 48 60
60 93 11
58 65 82
81 100 87
28 97 25
50 52 28
72 74 23
35 48 48
12 56 76
72 94 23
13 36 93
21 100 11
90 96 98
40 86 86
46 99 88
33 68 50
14 69 7
8 62 24
49 92 89
65 90 48
41 77 73
84 97 40
56 93 71
26 56 21
22 56 16
37 80 40
27 77 38
41 94 80
80 100 99
32 42 49
88 98 51
41 66 57
6 69 86
33 90 90
67 78 34
62 98 9
63 96 41
84 94 26
54 71 5
69 78 81
97 99 61
94 100 90
39 49 74
20 58 63
36 53 22
46 64 91
54 90 62
67 83 50
75 90 3
29 43 48
52 98 64
69 95 89
21 68 6
40 59 97
31 57 49
60 62 31
20 51 8
93 97 35
12 97 85
20 95 82
99 100 68
40 99 81
20 37 29
15 56 61
72 97 51
57 82 4
87 96 95
67 78 38
20 67 13
2 94 3
33 54 81
15 96 98
31 92 18
93 97 40
86 98 12
79 96 62
97 100 82
12 56 74
4 63 10
94 98 47
55 72 22
31 78 40
61 78 15
24 88 79
17 32 51
33 47 67
83 97 49
81 89 65
27 71 66
30 68 3
37 76 97
73 96 81
1 5 25
74 100 27
43 89 91
75 88 17
49 61 66
99 100 78
13 96 56
79 80 60
22 89 97
16 23 59
83 100 55
94 99 41
64 90 60
27 38 19
3 53 92
91 100 79
82 83 34
1 20 67
58 100 30
22 94 81
69 85 5
34 43 95
91 92 5
94 97 83
88 90 72
76 79 57
2 90 23
27 64 18
10 62 18
88 96 11
80 92 9
62 85 38
10 32 25
60 81 71
48 87 62
61 99 10
94 98 40
67 89 23
84 88 80
84 92 83
15 23 89
29 81 23
20 86 10
54 71 57
79 95 18
36 77 64
42 61 32
90 99 19
53 83 81
4 78 18
80 100 31
2 44 73
33 73 92
38 71 87
29 44 54
49 58 13
3 32 43
6 68 12
88 95 8
97 100 52
98 99 66
76 100 29
50 98 23
99 100 63
21 33 44
4 72 97
96 97 72
8 78 55
48 80 69
89 94 51
72 79 25
74 97 33
42 72 99
24 58 79
87 97 27
71 92 28
3 39 58
36 82 48
59 64 40
30 78 42
68 93 99
91 98 8
32 58 17
21 56 96
73 90 63
54 57 79
51 84 45
21 41 36
66 93 43
29 54 34
16 47 55
56 65 41
86 99 42
35 56 81
85 99 55
60 62 45
63 98 3
36 83 88
58 59 28
6 45 36
46 82 56
22 57 36
89 93 29
2 87 77
69 98 60
39 89 98
15 23 32
68 72 98
65 75 79
57 100 86
6 16 88
46 91 30
28 77 31
62 91 92
75 96 22
10 57 63
94 100 36
40 54 70
34 43 70
50 62 20
3 58 13
46 81 2
45 46 42
97 99 8
30 65 62
81 95 9
87 88 52
57 96 96
73 84 49
51 78 24
3 64 99
94 96 82
83 91 71
79 99 54
57 64 5
10 26 54
50 87 71
23 80 5
4 23 6
3 93 13
18 52 43
40 86 94
75 79 93
88 94 10
87 92 14
17 74 95
32 87 41
38 64 98
86 87 18
45 82 82
33 97 3
20 35 76
85 86 4
7 97 59
37 88 91
34 80 81
93 95 17
87 88 24
13 33 12
52 92 79
75 93 73
61 68 66
90 97 28
91 92 20
2 36 44
52 73 48
89 94 1
19 39 76
43 81 85
53 54 79
43 60 91
63 95 94
58 96 12
28 91 17
74 94 67
82 95 58
47 95 55
32 59 33
89 98 53
99 100 33
77 80 40
52 65 10
36 45 43
7 76 64
85 90 46
75 95 29
16 55 9
69 97 7
29 98 46
93 100 18
25 59 22
68 91 61
33 59 44
40 57 61
29 60 13
76 91 13
26 85 12
52 82 11
44 93 17
90 95 74
12 70 37
30 90 68
47 87 90
29 76 74
97 100 11
83 89 57
74 85 25
59 65 55
52 69 15
27 97 50
26 76 79
58 94 79
25 78 44
30 94 6
64 84 38
60 63 47
77 80 29
95 96 68
83 92 53
28 87 97
32 99 6
65 82 56
37 46 40
3 76 25
84 100 66
40 56 51
30 49 62
42 85 81
27 45 87
69 92 62
58 100 99
9 63 11
26 41 25
32 67 95
25 98 61
75 85 26
30 68 50
36 97 30
97 99 37
25 69 69
40 91 100
67 85 7
26 73 67
91 93 13
57 88 33
43 94 61
44 68 53
27 33 26
67 77 22
61 99 70
18 51 83
61 95 55
9 77 42
67 78 49
20 52 63
34 36 77
21 50 1
44 54 51
77 88 20
80 98 65
51 58 73
2 74 52
36 88 68
9 91 78
19 51 27
25 69 63
7 35 35
54 55 37
87 94 44
64 85 51
60 83 98
22 89 42
46 57 73
61 94 25
55 96 35
3 18 35
86 94 80
18 46 56
37 76 91
33 61 40
15 85 84
45 68 55
86 90 26
42 46 57
44 87 40
85 95 21
48 76 50
11 66 86
35 64 56
31 74 12
33 55 98
42 84 62
93 94 73
47 70 55
22 97 71
42 88 76
34 70 14
79 92 82
79 88 69
50 54 40
8 48 48
74 84 48
45 75 12
67 99 85
29 86 87
5 67 32
11 95 26
73 79 93
15 16 25
14 53 95
66 95 55
74 83 48
13 97 50
60 90 3
29 91 47
27 42 78
38 91 95
37 83 55
21 92 80
25 87 65
22 58 31
49 66 59
9 74 33
88 89 23
95 96 79
50 81 62
74 79 42
15 72 95
85 87 25
46 97 35
86 88 2
34 61 75
84 100 96
94 99 8
54 85 33
4 91 7
39 58 83
39 100 31
61 98 99
74 96 94
89 91 35
23 78 32
45 96 27
99 100 23
18 83 71
94 98 8
86 98 95
55 90 50
1 89 90
27 73 38
20 83 76
44 59 96
98 99 24
75 95 82
54 87 36
99 100 96
93 95 48
69 76 7
83 96 85
26 90 29
92 94 88
79 90 98
1 6 40
97 99 78
19 40 67
30 93 94
29 88 42
56 100 10
90 95 2
66 96 16
7 63 70
86 89 86
2 83 22
92 98 77
52 87 48
50 98 31
84 87 76
24 88 80
61 99 22
42 100 28
32 60 69
44 52 67
56 97 2
37 68 36
84 93 79
65 91 52
19 63 66
29 64 67
68 76 74
6 100 50
29 54 58
27 71 26
28 85 70
53 58 86
92 95 7
52 75 64
12 45 94
66 84 33
71 73 38
9 28 15
20 46 31
28 57 65
25 74 70
52 89 84
6 26 2
98 100 92
64 82 20
5 94 57
71 95 68
27 96 26
44 59 39
83 93 9
5 99 1
3 41 58
63 68 56
19 36 6
87 97 68
11 31 37
29 30 76
82 91 56
93 94 90
57 86 60
83 97 65
32 38 2
18 27 59
27 50 86
29 55 100
23 48 74
5 34 61
61 65 66
27 51 13
86 93 28
67 96 90
60 95 86
74 93 80
31 77 67
25 48 83
19 24 30
55 65 4
54 98 23
4 86 93
76 85 33
26 74 22
62 73 57
69 73 72
35 92 82
86 92 31
52 63 36
71 76 14
15 26 28
80 90 95
28 58 40
47 66 92
52 80 66
36 39 29
50 69 89
96 98 87
19 27 5
19 44 97
5 12 13
71 96 13
28 56 51
93 100 1
19 37 34
71 93 82
43 70 30
59 70 49
55 100 87
72 73 38
46 100 73
95 99 97
21 48 13
85 98 7
93 99 56
32 61 58
11 90 63
48 50 52
56 73 1
64 71 59
15 59 14
94 99 13
31 98 11
87 97 43
29 46 13
26 90 75
93 94 85
40 95 21
16 58 42
80 85 9
12 18 25
5 57 58
97 100 27
85 95 62
81 100 78
87 90 62
90 100 7
6 67 28
98 100 68
17 59 84
57 93 16
19 81 43
24 31 91
91 100 60
8 35 12
44 54 8
33 88 1
60 81 62
62 70 87
70 86 61
45 96 78
59 93 92
22 26 18
17 75 41
53 77 100
42 97 36
61 86 53
78 79 63
40 44 4
78 88 28
79 83 63
78 90 96
2 22 91
45 65 100
82 99 55
16 60 56
97 100 47
62 94 7
10 77 51
32 83 34
13 97 43
1 82 93
19 53 52
74 98 100
34 52 74
61 84 22
52 68 47
38 98 35
59 92 83
16 28 74
59 73 62
83 95 28
63 88 50
20 83 2
87 92 87
52 99 30
49 99 56
20 28 10
10 64 83
25 82 88
26 69 71
19 62 36
40 75 29
29 80 81
20 60 44
54 96 97
24 65 28
92 93 69
20 47 67
16 92 19
51 76 9
37 69 80
22 71 84
77 96 58
35 49 89
31 87 62
31 67 95
20 78 98
61 74 28
83 96 77
61 74 51
58 71 34
63 70 50
82 87 28
42 59 51
5 21 38
59 76 31
14 28 58
31 86 87
94 100 54
19 38 99
61 71 64
59 74 48
72 95 44
92 98 11
61 66 61
25 65 51
37 41 25
48 91 96
91 97 32
72 98 42
59 89 71
57 80 41
93 95 11
38 61 96
88 96 58
48 60 42
91 100 13
12 51 39
6 17 68
26 53 83
14 72 13
99 100 94
26 69 20
85 91 37
46 89 76
3 87 18
47 53 12
29 78 60
23 73 92
66 90 87
75 91 27
68 76 50
15 59 89
37 72 85
91 100 34
35 92 36
92 95 21
79 93 41
81 86 86
38 83 5
41 50 48
22 88 56
62 82 6
20 38 16
12 96 75
29 94 70
17 90 60
85 95 28
59 70 79
75 100 37
62 87 51
5 47 86
79 93 25
48 69 70
47 63 29
56 85 48
56 61 55
39 72 12
51 100 51
59 86 20
29 58 26
64 77 77
56 95 25
63 88 14
98 99 70
32 74 21
50 90 4
48 49 1
97 100 81
52 53 100
57 95 34
85 97 30
32 71 45
21 99 59
41 66 74
20 62 11
63 68 98
45 87 67
24 80 16
71 95 48
96 99 40
82 89 71
59 97 37
57 81 95
15 54 76
52 95 56
62 84 21
24 98 9
45 52 47
1 20 48
93 96 12
25 38 70
77 84 67
15 70 33
33 54 5
58 59 50
11 59 69
85 97 4
43 55 24
64 65 80
90 99 13
15 21 66
50 82 36
42 100 64
55 95 1
85 98 24
95 99 88
66 80 88
94 95 10
53 77 98
95 97 23
78 99 17
90 96 49
30 66 10
43 51 27
93 98 73
49 58 68
99 100 13
24 81 33
47 62 80
80 97 75
27 58 23
17 92 7
50 52 82
80 97 3
31 73 76
10 12 74
93 96 39
87 92 2
67 82 8
9 12 92
33 95 93
68 70 62
67 81 37
74 75 15
72 87 57
72 83 41
26 37 74
38 61 27
2 83 2
47 77 81
74 90 13
81 89 92
97 99 16
72 78 10
22 71 61
50 97 59
79 84 23
56 93 18
59 73 63
60 85 68
96 99 15
24 50 79
83 95 31
29 83 47
20 52 30
28 61 90
4 95 1
98 100 16
91 98 64
44 54 24
49 92 39
95 96 19
90 100 48
32 81 84
93 99 14
83 90 50
5 87 16
89 100 68
56 89 57
62 79 99
58 61 6
81 85 51
46 64 40
75 77 61
43 60 97
15 76 6
15 61 10
34 60 10
97 100 77
99 100 91
70 83 88
34 66 47
30 69 22
40 52 3
96 98 69
69 78 62
52 97 19
24 65 52
77 94 56
18 42 60
8 10 81
64 75 84
51 62 20
25 26 44
90 99 46
9 26 95
59 83 1
20 91 27
7 54 65
55 72 42
69 99 12
67 78 89
32 47 88
94 100 79
88 92 10
12 30 73
51 76 30
3 70 77
58 89 92
11 26 36
77 99 75
47 73 92
55 89 91
99 100 87
40 76 8
3 97 93
60 61 78
31 45 46
24 32 45
10 34 80
65 87 32
4 40 89
12 73 26
53 65 8
70 74 53
6 89 71
70 89 5
32 75 49
49 55 86
19 88 70
68 89 95
16 22 5
59 96 20
40 60 43
48 57 56
62 83 80
13 89 18
47 55 3
56 66 92
25 78 4
8 15 26
51 62 97
77 95 18
61 81 21
90 97 88
24 40 14
87 98 63
18 90 24
99 100 38
13 95 52
61 62 47
85 88 45
13 73 73
50 84 83
21 36 54
34 60 46
55 90 1
34 90 24
66 70 13
78 85 85
72 91 73
45 84 2
4 66 50
94 96 4
97 98 92
7 60 4
81 98 45
64 69 33
62 95 88
17 22 85
99 100 17
68 91 63
5 80 40
34 52 43
50 79 45
15 87 78
51 99 45
51 95 2
85 98 94
67 76 65
29 95 5
14 36 16
63 68 80
2 91 46
84 88 77
55 96 75
92 98 64
17 75 53
11 98 91
23 52 87
6 15 27
74 90 61
11 98 3
36 54 25
27 47 84
83 98 41
63 82 62
74 77 78
24 89 76
79 100 57
80 100 28
63 88 71
88 96 96
46 95 83
27 40 86
96 97 3
85 99 21
6 11 68
53 80 39
37 65 77
92 98 3
11 26 52
8 79 93
7 23 29
35 84 39
26 77 99
84 94 58
68 81 98
97 99 14
86 95 36
90 100 8
68 71 58
48 75 46
97 99 42
71 94 15
90 94 64
57 93 22
99 100 45
27 100 87
21 79 78
56 65 9
83 93 36
98 99 59
18 63 25
71 99 2
6 95 47
54 67 70
61 100 47
49 79 66
6 55 26
12 87 93
42 55 3
78 89 20
55 74 98
59 66 53
46 69 85
77 87 32
23 62 8
6 90 81
95 99 97
99 100 23
6 11 83
29 44 68
28 81 84
61 86 5
98 99 47
76 98 86
88 89 3
4 86 14
10 28 74
1 64 85
41 97 99
86 88 95
19 74 96
33 81 36
74 89 24
98 99 23
71 86 10
49 73 58
16 66 66
49 62 98
56 77 84
66 74 31
75 79 79
86 91 8
56 88 88
10 89 96
94 100 28
93 98 92
63 81 25
46 91 17
76 80 5
99 100 44
5 70 92
8 73 26
45 95 14
20 100 64
3 73 58
37 83 45
25 43 60
68 70 16
64 75 47
21 41 55
2 33 6
57 83 81
87 89 25
68 71 84
63 80 46
17 29 81
66 81 53
28 66 2
47 50 42
92 99 11
29 95 37
74 82 2
24 62 4
39 66 89
20 75 27
79 98 71
88 97 54
44 95 16
2 72 46
42 71 11
85 94 2
5 51 67
91 97 45
93 96 95
26 96 49
83 85 15
51 94 3
22 27 91
87 93 39
96 100 81
77 100 62
1 8 83
63 100 60
69 79 47
16 67 19
14 43 82
30 34 49
84 99 83
66 91 34
2 49 75
92 93 82
98 99 4
79 84 31
64 79 7
97 100 92
64 79 93
46 48 91
21 23 1
49 98 74
95 98 46
50 86 65
97 98 51
1 89 97
87 93 70
39 86 8
49 55 39
39 61 77
3 61 57
3 40 3
33 78 82
23 44 54
56 72 54
97 99 5
25 99 37
67 73 54
63 98 100
88 90 31
66 88 11
35 47 9
11 95 62
36 75 54
56 91 57
51 64 56
16 70 55
86 89 47
35 75 14
86 97 39
20 47 65
88 98 3
92 100 98
68 70 51
78 95 95
50 54 48
54 97 96
89 95 66
37 41 84
93 99 71
63 73 79
94 95 24
26 85 87
69 84 90
26 92 58
72 81 22
82 94 43
55 85 96
6 96 90
15 81 27
71 77 43
23 28 68
12 61 64
44 72 29
38 58 35
42 91 99
70 75 19
47 81 50
83 94 36
13 29 45
95 97 22
95 98 62
25 57 3
5 39 78
29 38 25
1 100 28
36 85 49
5 87 44
38 90 66
83 94 7
42 87 38
66 77 23
90 91 67
35 76 53
50 90 73
26 58 92
49 91 98
83 90 29
51 62 92
21 69 81
79 99 94
20 40 49
81 92 74
72 81 66
78 84 32
40 72 70
13 50 60
9 24 95
11 73 56
17 79 54
13 94 26
27 82 77
9 68 2
9 59 55
59 86 20
93 100 82
54 55 82
73 75 30
59 95 43
