200 15000
138 55 65160 81927
197 128 12259 21569
91 173 22650 34846
51 125 55813 77718
176 65 10870 16325
197 119 5245 66225
147 41 23186 75814
176 14 40922 45409
95 84 32478 45248
66 111 5355 79285
58 177 6827 32216
50 76 9860 40487
116 10 422 20677
171 165 7233 24358
185 88 30553 31216
164 103 8062 9660
35 4 36861 97064
94 40 17209 24842
167 183 2448 4338
146 133 16980 63817
56 157 78530 84616
60 195 19614 19724
78 138 1143 76059
8 74 50426 85599
18 169 67980 77829
86 155 31099 43301
145 13 39819 63999
197 80 88 324
93 71 3864 83802
49 40 36767 49700
159 148 8433 31376
84 188 3465 7745
161 84 50285 90057
149 101 32001 80094
61 95 88292 99722
117 170 5342 64434
27 95 75101 92546
105 174 4021 7493
69 78 4288 56216
31 39 5298 20422
75 105 4673 93547
158 57 7615 77599
153 109 53304 55256
118 137 32031 34242
42 163 27749 42139
124 141 83257 97465
59 110 78134 90750
107 11 192 92651
198 48 18088 41119
100 69 32943 77698
38 54 2079 6066
12 171 57786 59426
66 97 34335 63289
36 15 19441 54208
19 68 8315 13135
116 64 30866 40533
147 126 12148 16113
94 177 34593 48102
45 40 9684 11751
60 73 4610 16742
16 79 4687 7978
101 91 29280 85771
67 83 18685 19818
38 127 11257 22640
108 173 979 1387
184 56 17595 59460
129 136 21681 58152
13 33 42885 55184
28 184 34360 49573
21 64 5346 23965
142 145 13568 30211
169 18 3532 97152
137 131 362 34063
12 127 36429 73712
103 40 10284 46326
1 117 26345 48195
176 27 44127 56084
45 146 13396 77886
21 25 10335 18876
181 98 53019 74365
182 151 47683 92613
132 125 55174 85022
143 42 27374 85542
28 64 31403 47757
190 170 6941 23178
91 165 42133 42543
89 38 28459 36084
60 30 598 1353
43 46 3825 4115
138 151 10296 43435
133 62 10068 70629
178 33 47958 65474
193 15 40613 70215
166 167 29696 63077
62 78 20692 64672
190 191 16181 16897
105 51 13858 94260
52 49 16915 22843
173 92 2484 57303
190 68 20713 65172
5 83 25530 27504
23 117 19910 41520
108 80 8269 10541
12 152 10430 16495
129 84 8085 9477
24 139 51642 57966
153 178 68001 84601
112 96 4154 9774
18 116 90943 96617
160 117 626 2542
68 41 12 53
26 64 9935 39237
17 52 33949 40666
31 27 10348 22471
50 74 52233 99036
56 148 72446 98010
37 91 2954 41388
185 45 10608 21772
64 68 10 126
54 63 27033 52794
42 11 46712 67081
71 52 4793 13960
171 97 19712 69480
121 165 56901 62558
137 42 6540 98241
139 34 19652 33232
81 46 18014 18329
162 107 1471 44699
83 72 76757 94334
133 137 9010 59822
200 123 44922 81845
22 24 6178 35635
95 189 14149 15072
140 160 10096 66058
4 88 80478 86457
131 18 6266 66958
93 9 5337 99524
64 64 6696 25356
131 41 11041 33018
183 85 4089 10329
189 134 1811 7167
8 120 35117 63782
86 120 37900 38508
69 77 42891 47786
183 114 712 39282
183 144 21883 40307
77 173 24067 35540
53 92 2831 10646
151 168 1 15986
81 104 11977 43495
148 169 58505 76319
12 173 28919 59386
125 153 3185 4190
37 30 29817 31417
85 13 27354 84347
161 2 6924 38103
167 123 21201 50330
195 105 3568 43636
32 100 59755 64003
99 50 52176 73899
170 135 20320 28624
83 64 72075 76551
110 88 13651 78330
76 54 49260 70086
14 85 5479 14333
189 66 2051 16127
131 162 92866 93919
1 178 8521 80004
90 107 36229 84042
144 111 32568 57450
57 28 28574 91044
185 33 38906 81768
198 174 19784 54055
92 76 39781 89457
58 24 33287 68622
54 121 27125 72693
177 190 20705 40827
141 144 29609 38745
174 103 38531 65540
102 139 45171 51638
5 35 23248 58442
156 49 8285 16249
154 152 25725 30066
190 30 51351 73113
99 120 90831 95946
39 46 2262 50314
193 158 33184 86003
133 87 48670 52369
153 169 60977 87837
113 1 24556 31787
85 108 4910 7835
140 142 236 10922
80 192 26179 34605
126 16 19261 97928
39 43 6724 53711
165 54 13064 66822
84 11 72807 94330
104 178 6127 22463
125 24 40375 78239
28 66 5157 6686
69 200 43711 91825
160 125 45290 89226
142 97 41888 83435
94 156 9422 14957
48 178 30982 45721
69 115 8758 98466
73 38 74375 89462
106 173 58128 61758
103 15 17576 43810
169 58 31819 45211
124 145 12598 22501
188 168 46520 71305
147 65 2533 12207
197 173 16516 94787
21 46 31185 88489
78 29 14304 47881
18 160 9700 22651
63 63 1118 1148
179 50 6310 6982
138 33 5625 6604
47 124 12555 89720
124 73 6161 7061
87 199 72192 78533
139 128 2675 5139
70 121 32069 48996
13 46 7546 37242
112 155 2091 2280
62 71 14239 48147
23 41 9807 15250
86 126 82658 91282
115 183 11715 81690
182 108 6141 81835
112 178 18185 71937
93 30 36159 61830
29 175 15760 76538
75 86 20255 29915
199 87 47920 79782
91 43 28065 88531
137 24 9583 14836
64 58 4895 6833
158 139 20534 35120
13 89 1736 2046
93 7 2908 10217
190 43 22987 60250
38 60 15398 40136
46 65 85667 90105
118 31 32877 59447
170 106 59037 85686
46 1 23335 25308
52 104 28539 41157
177 108 23446 41969
54 137 3493 11037
63 45 32878 89763
11 177 61137 75014
160 118 35679 79261
67 75 2049 66774
71 196 44267 47135
42 103 52722 69707
78 83 84995 93350
72 178 25186 27668
52 144 16527 20400
20 87 18400 31184
51 20 49972 75743
48 180 19267 30575
118 61 3445 20833
28 135 9249 38020
46 148 75853 88397
81 74 3078 99798
95 160 38236 45924
189 141 18922 33621
34 14 52563 71377
151 112 3441 5003
152 117 875 15361
165 40 2073 4868
12 74 32703 57603
126 73 18004 50443
87 37 8847 73910
117 50 6630 22079
164 166 39433 77299
62 196 29069 40912
148 35 8675 31260
26 40 61554 96065
154 133 51920 57376
124 55 3104 7038
42 83 89996 96697
35 182 38577 72712
162 117 82996 87058
157 123 29025 84051
116 175 30055 58646
77 10 41016 64796
34 37 4622 86304
192 27 49651 57618
37 12 12169 51793
146 53 1863 25462
118 28 82446 90355
19 189 3373 4274
76 76 21216 58402
125 153 36857 57496
129 141 10160 48239
57 51 62577 82686
44 95 26364 35324
19 56 15127 22644
28 4 30957 71107
65 192 43996 99351
33 156 6394 36901
71 185 5644 40264
200 163 68408 81921
35 159 24780 45578
109 192 16143 21038
62 183 438 4886
199 62 10447 81227
83 40 12976 23346
81 54 58834 61808
15 194 3526 78167
75 44 14474 25636
164 191 26404 61849
117 57 4112 4991
154 135 198 298
194 152 53715 76995
142 198 12042 13034
71 55 11656 21635
11 66 22394 51615
159 51 35302 80891
94 172 8700 61118
86 82 3525 52866
78 74 4302 4306
192 13 35721 77086
47 123 343 26650
107 169 54872 68417
2 96 5957 33006
111 170 38817 49710
160 37 41834 47447
187 62 51853 99082
41 119 13015 17851
181 102 7707 11907
169 7 57707 70200
199 14 17049 28331
45 46 4788 18463
1 94 13606 32263
170 11 35766 45659
24 105 45493 74390
36 14 39099 63154
71 130 49101 94182
97 70 26394 32285
41 48 30055 50447
141 37 76287 78190
161 124 81766 83071
160 22 34149 47447
96 105 1255 18587
15 192 31164 72771
16 72 27199 99278
116 58 60012 84492
83 164 16635 34064
66 123 5865 31883
198 143 26306 64376
185 25 62820 92224
101 66 74939 90368
111 173 27923 48951
71 147 12380 43457
6 121 17247 20666
105 147 12066 20446
18 15 16465 50953
173 163 24422 29892
134 187 90261 93497
46 18 51026 90933
105 108 32551 39030
109 85 9157 17719
27 161 23828 26994
171 161 11077 19673
106 70 47405 66119
51 43 71032 97323
112 18 17848 26302
80 178 7200 17334
53 30 9335 51398
107 142 34849 36236
37 121 57114 91425
91 186 36064 85295
177 137 22285 67680
129 64 15919 20655
17 48 9561 53492
172 164 4732 83197
59 128 41678 84369
6 45 38948 88366
134 153 7505 26139
74 76 10011 24330
50 1 15607 19047
190 195 10050 61098
69 87 2277 10715
79 23 10710 23372
4 149 14074 21563
182 7 3566 16141
31 89 48745 65178
170 173 23466 30551
71 53 14486 58717
184 188 60103 66076
37 166 5742 40272
162 188 963 1460
97 84 13863 69244
64 137 6376 37262
129 178 18911 72798
194 132 35923 36381
151 73 50383 61601
5 164 3298 22208
21 37 58354 70143
30 27 27591 63648
97 76 8982 13281
82 101 40735 44933
83 5 719 1107
42 198 7483 58068
198 144 26070 31395
109 77 70211 96908
147 134 34102 34941
20 42 79235 84659
20 165 20415 76024
96 60 59743 81619
188 149 18125 64033
55 112 20208 25026
110 161 10842 61945
55 147 27020 29665
24 132 23211 53094
145 7 54750 66008
130 178 13362 80953
130 83 9049 17622
78 8 3040 30007
80 19 51440 55850
62 11 2025 54431
28 69 34070 37805
44 97 41198 53884
171 6 308 13085
43 68 92912 94894
1 140 3966 4842
153 154 10423 82226
37 96 6005 25413
50 175 19740 33304
56 151 44916 98044
157 64 1458 3154
119 1 27636 52057
59 74 20649 39667
105 166 5476 8469
12 119 16153 70840
40 90 20443 87990
95 143 2514 43601
103 133 8489 12532
74 194 8005 19220
155 65 26550 45574
167 154 1527 40701
46 99 7153 17602
64 9 2844 5721
190 78 3088 10459
152 104 61871 64286
152 149 5089 48935
180 112 8290 18477
23 200 2306 75049
99 101 43999 69445
107 170 70549 75749
199 52 10099 72942
174 31 3741 60693
127 36 24371 38455
146 95 29231 40806
65 17 72466 77083
200 121 55552 56771
54 41 729 11218
177 195 8941 63952
133 29 52460 99150
133 138 35518 38843
28 1 760 1106
63 128 709 1065
109 9 724 38113
125 190 13103 21650
106 156 41551 55850
113 164 23996 37645
200 155 3696 44296
161 129 38708 66205
187 119 71359 81856
121 104 30869 57688
30 136 55128 63524
120 41 1457 16616
118 170 8620 40122
8 175 9675 86801
142 175 1154 37944
135 148 32560 55041
177 187 9761 24716
20 143 669 679
68 82 35272 43227
137 121 61332 91559
157 172 11603 67537
26 180 905 51134
28 159 29226 40401
93 77 14492 78857
28 189 60 11102
4 160 17836 61710
24 77 6714 40052
50 60 49526 80545
93 123 28718 34092
162 44 37001 66483
63 157 71106 87381
187 35 7765 53661
140 29 19137 80852
200 123 8508 9757
177 172 16132 50601
54 43 19813 21660
116 116 35018 40272
116 138 24664 71565
193 140 20918 54220
149 99 830 10527
113 121 10351 92281
125 163 41190 50025
30 72 9138 58251
45 119 1043 2717
128 85 875 5194
153 99 185 975
124 28 16805 34281
119 121 12173 16165
195 69 3155 5650
20 28 66998 87857
46 22 6073 14960
11 42 26650 37744
61 83 822 1647
143 197 55668 71210
48 66 9383 40255
71 36 35160 37106
160 1 6332 17851
95 190 6206 71398
42 66 66052 67000
195 197 30550 68432
120 38 15267 40629
93 164 30043 91571
153 147 9889 16406
184 32 4037 7199
143 189 10504 93133
154 112 9806 40948
121 24 76772 85606
183 24 7532 69878
160 155 15109 37574
154 105 9045 11308
141 106 18490 92833
198 25 45824 74582
119 56 7145 43877
106 86 7346 15297
166 32 9563 13309
140 164 32039 87445
43 12 24554 56328
127 70 50203 97634
121 74 14171 17622
36 77 10920 20951
112 115 22402 68926
7 77 13322 41562
106 53 10681 30503
187 132 9784 22187
32 60 22503 22844
7 39 46604 78037
186 123 28719 74423
149 175 5752 17336
63 153 9356 32265
87 48 51757 91450
70 146 69357 92366
46 30 8680 44593
127 197 16025 47636
130 84 13224 15305
153 13 9113 17132
160 59 25808 46049
95 31 41265 52915
187 106 7562 48313
88 183 20754 27998
163 168 5312 39399
92 44 27204 45418
120 1 9074 64770
2 136 27413 40520
2 109 84640 87950
78 135 25757 36184
10 72 5040 31385
155 130 76676 90075
36 65 37781 50562
56 187 4145 29328
200 18 11197 17058
95 54 4549 15030
170 76 9494 42436
97 50 29700 48213
196 41 53361 63916
105 194 34325 35056
87 184 295 3803
48 168 6930 25477
28 37 40882 61484
58 159 43556 73135
147 189 25439 67353
80 47 4814 9725
176 16 19019 54972
30 142 26710 29906
150 127 51798 55934
138 34 58598 61133
120 114 5452 26423
198 162 7514 30137
59 11 8257 11445
58 200 14813 82933
69 163 27122 34548
134 148 40663 40993
49 163 19357 58436
163 107 12472 38381
150 54 5845 63341
53 104 14793 71380
105 170 18303 58566
86 2 55357 61376
149 109 5389 90199
24 10 26751 59038
188 44 2515 14949
61 111 3220 27661
113 22 1762 2290
154 24 41390 45682
168 178 4120 94255
77 67 19887 50212
90 13 3120 33787
72 51 48007 52753
33 112 39579 67386
155 29 8921 11003
53 183 8310 36778
132 93 38712 39032
69 65 4048 46620
103 155 20632 52509
100 99 6088 25415
10 152 40365 52588
130 41 3283 51370
157 164 5012 88817
146 103 49420 86183
86 69 11647 59099
73 11 2054 80651
30 136 24559 27696
70 153 24029 89152
129 119 16613 23269
82 35 2513 3067
21 114 19742 26362
158 15 2867 3433
122 134 17041 62055
141 68 925 1706
98 137 21229 25174
14 138 14536 75225
118 23 22836 50667
132 5 7072 19444
149 137 14360 31600
79 170 10511 26170
116 189 6523 17718
186 75 35069 44757
134 43 34282 54709
30 157 56847 63885
169 181 45363 54196
120 23 76131 82929
94 131 21252 35584
69 93 49180 51623
117 120 9521 28060
196 118 30966 72504
176 115 18191 26219
80 135 11002 71650
200 88 23364 53649
45 56 23571 51816
140 110 12503 14743
7 75 3700 12662
182 131 25215 35622
185 102 1241 6156
195 145 39565 39665
185 110 4756 29502
175 81 4111 5324
76 197 19582 24290
94 172 20779 50589
149 135 18051 23170
163 162 1268 7891
48 193 4573 6152
144 173 839 2918
8 189 34856 34937
23 92 12084 13157
69 5 7480 10403
194 53 12040 26213
59 59 12274 30210
198 184 32431 34414
63 113 8448 9044
48 121 40732 77634
150 165 49985 72414
168 104 35706 59708
116 156 18541 21995
163 118 6697 9931
135 128 20592 69487
37 144 8718 15461
31 184 72334 85207
20 107 50124 90232
85 195 17475 29526
94 178 26954 37207
14 176 51527 69368
196 66 16848 17374
101 149 10211 14927
11 66 17039 66010
146 8 11386 22592
151 169 15303 79102
112 182 7856 16046
40 10 42091 68593
190 69 86261 92030
32 142 22599 45187
124 131 72097 87774
163 55 5056 44085
146 51 5322 9863
134 84 8600 21271
84 78 35957 69736
11 13 121 20493
65 188 19532 29678
101 104 6923 67047
169 133 21053 38604
105 98 61322 63873
49 4 4520 17390
180 117 23873 86418
159 101 51878 96820
16 78 10007 17153
51 50 42710 78750
99 80 16655 87954
144 62 43517 64311
121 124 30894 60047
173 166 55435 71817
147 25 26096 32129
45 42 49715 92022
113 27 50396 53671
55 82 13699 15149
110 100 18100 52826
28 10 28635 49785
200 43 553 1791
169 157 26810 51541
191 200 902 1100
61 151 4813 41583
11 124 29247 77776
84 82 49215 57426
190 178 38292 41339
189 123 14721 42902
159 73 19895 36829
111 183 4710 68536
32 125 4198 5708
9 186 28190 75338
133 12 33848 42566
18 175 17940 99649
76 104 61584 71274
123 153 47383 98551
195 10 1237 96183
32 158 22160 32081
130 7 43223 46809
140 46 41948 54722
69 109 1300 13294
30 115 52761 60102
159 157 87 86028
171 103 24502 71370
57 151 17613 31166
188 68 14700 55376
66 90 35139 50351
50 67 11489 96474
37 94 12749 24650
113 64 7437 98324
1 68 17316 74285
189 184 269 47098
180 90 197 381
154 164 25035 72542
192 62 53009 60476
185 67 15358 36442
172 155 3302 38437
139 40 64523 71647
193 102 56787 82073
71 156 1462 4679
183 128 17193 19657
183 99 65188 72075
109 109 14452 67317
30 177 20825 35655
135 62 32576 50615
84 169 36345 68948
136 29 47261 68041
71 82 16991 19054
38 155 7701 13831
43 129 10682 57887
192 124 10473 23509
25 101 2098 57901
189 8 93437 96435
76 59 4960 5716
22 25 60725 81649
19 175 6741 35510
78 145 33826 37328
71 164 10184 34882
154 92 7324 49562
95 197 24307 51720
65 153 29027 71516
3 85 32660 35573
172 63 79092 84647
180 199 24990 77504
167 142 1091 20992
58 128 49792 51149
159 178 28153 55408
47 72 16680 27850
25 81 43542 61675
39 7 87309 97025
127 47 59899 92618
89 140 3195 10524
106 25 25594 73163
197 77 11391 50900
155 52 32307 54265
127 184 45939 75350
153 25 3327 7461
153 100 242 62484
176 194 32617 45088
76 148 15062 18532
39 85 12288 30528
6 67 1210 87055
108 104 47091 52327
162 45 2017 9798
89 111 15754 35061
59 32 41445 65172
45 67 3769 89924
200 152 2534 39655
104 54 5875 85468
134 54 5642 9142
152 184 3818 6685
106 108 23667 51622
181 197 2464 76993
19 50 33769 39685
94 116 55257 56262
171 19 12190 52685
110 39 48893 78178
109 133 46104 46649
152 113 61265 90823
32 72 1391 7595
60 93 1391 3832
133 149 50549 96069
15 147 34593 88060
186 30 41846 44113
127 144 21899 53101
92 191 8651 28830
96 70 15202 22653
136 117 21789 77227
139 8 46044 89839
13 178 24078 29118
42 125 34784 55918
179 48 66456 87375
154 185 22260 37076
56 100 160 345
197 165 45210 80390
129 66 28821 66500
63 152 64208 67238
26 60 14408 59936
35 164 20068 89822
80 57 1843 43972
161 192 3313 36346
84 74 3754 5031
6 120 37644 47888
103 76 8789 70982
43 84 15913 18325
154 95 30183 51621
155 182 15360 96651
53 190 58495 81985
170 35 19166 43555
193 7 21092 61275
160 148 7928 65294
131 120 40496 41106
22 59 24024 49588
176 169 13334 19254
25 60 44472 66723
92 60 32856 98249
28 127 5925 34050
52 177 1733 7968
173 116 22269 48280
6 106 19462 84219
94 135 10064 72761
151 130 3175 4244
41 28 47853 81656
115 6 4455 92861
79 60 4423 18155
172 32 6164 78760
177 14 14515 42304
104 52 36345 99416
86 141 6783 31369
95 24 1325 14448
86 128 680 4251
174 90 75814 75821
20 60 69365 82638
163 113 13131 22821
27 22 4636 11338
21 189 39605 55379
119 182 5947 11368
73 119 41592 78865
109 63 83851 89076
103 81 23701 33414
200 120 18193 94746
97 188 24198 32227
124 56 342 415
21 153 24036 96342
128 177 16831 25381
152 22 3017 81832
37 186 12778 28554
172 9 1505 12241
45 133 10925 13651
12 168 41274 86729
51 61 17083 86033
10 150 1975 4463
115 181 10238 42834
134 160 14581 26226
20 108 404 86853
159 50 26062 80093
199 76 10293 37774
195 192 48162 55291
48 56 25081 39501
144 2 10043 17626
107 109 1742 3072
198 168 5940 18478
30 105 66624 76920
149 96 65375 79716
183 192 27110 33218
196 27 4390 20300
130 99 11395 56910
129 72 23636 69449
71 142 15348 36162
26 185 25404 30164
126 189 86808 93465
4 66 1738 77349
179 3 10941 39202
151 9 933 3899
183 58 6672 45127
129 52 35320 63229
143 81 487 4059
161 33 6582 30521
8 41 40274 93107
8 88 1184 55800
8 187 33670 49516
168 186 10822 13615
35 179 12157 86020
112 19 3018 5709
156 192 12110 12773
11 163 3763 21594
31 56 52495 81075
159 199 6934 66171
50 43 5470 57467
131 104 713 3104
33 43 32027 98774
156 21 2628 9931
11 165 637 92772
129 47 13292 60467
180 140 95332 96285
48 135 9513 22295
155 188 911 12793
96 112 37213 69299
178 193 48350 57122
153 71 39278 88814
6 149 3684 28007
125 164 10632 10964
1 151 25463 48665
10 24 81752 82980
136 83 92593 97715
47 31 1013 64405
168 31 580 59609
49 134 70128 75082
57 144 64346 80387
86 1 1990 30709
66 34 35325 59766
195 155 43523 70476
55 151 28216 50416
186 131 10232 30451
173 188 34378 85134
70 100 21221 58554
94 111 567 19969
108 121 13403 85145
37 83 49777 98759
145 10 20161 37780
163 68 3991 5017
130 25 4966 6746
196 114 13996 47809
92 55 717 39797
128 10 2430 56792
108 104 71630 86648
33 69 37581 40355
166 176 77175 79527
56 187 79299 93018
155 30 9594 94728
96 57 14752 26449
9 63 12542 55475
73 28 25607 55482
172 74 29690 98570
123 162 19929 54304
55 180 7983 12650
98 189 31115 32350
140 120 9306 80594
51 154 25901 77935
8 189 1137 1719
180 14 65314 95476
137 78 33648 81071
27 146 11927 12273
18 44 13730 35528
32 188 43307 91696
12 68 31628 37279
6 35 22129 66053
88 20 29970 50997
3 21 31245 52690
19 151 2752 3040
103 24 30436 32186
31 6 15165 95012
92 180 24695 28947
47 141 39706 57579
135 163 14227 84276
3 131 17339 48514
59 118 10806 23095
53 192 28821 33914
167 33 78696 85835
165 48 3541 16239
12 199 7492 13946
85 172 1347 10193
114 144 14676 43005
131 13 2019 46928
43 136 3112 17577
82 102 36893 57657
57 25 43920 70943
179 116 84190 95091
177 11 72466 77715
87 27 4753 86442
14 51 17509 54633
141 164 6012 68449
88 94 1918 47059
102 82 2916 12387
187 106 10275 20581
167 175 69546 80358
79 58 5237 7337
85 23 8185 65540
152 3 21173 78923
92 137 25493 84065
5 74 48952 80145
160 25 1843 27585
41 51 45420 94424
28 29 901 65085
106 30 2873 9088
48 83 371 3993
61 151 5956 44907
86 38 42160 85122
149 133 40352 42121
85 185 8314 10240
165 128 8692 87959
173 36 9627 17933
60 65 2800 3413
45 167 49675 79552
196 143 31700 82330
53 102 18700 74064
167 80 13608 34255
104 133 78614 89861
134 89 46236 64782
179 82 32712 54731
78 2 72904 96794
55 99 6156 19186
152 181 27434 55838
154 188 2223 11066
7 144 31488 51467
130 153 72188 82509
77 120 4685 18935
61 184 16876 56361
179 91 25641 95392
198 64 9220 90271
150 8 67233 71248
149 39 1383 6272
123 75 10861 34895
55 105 33062 61911
56 193 2600 20603
90 193 14674 45350
174 109 1314 88741
12 9 32285 98954
130 48 8602 18676
42 165 39048 52241
106 104 19547 95393
69 11 2708 57329
97 189 20156 62970
119 142 57671 96729
189 55 3618 89633
200 83 36000 79483
200 115 6640 11470
150 186 5863 29178
91 98 34928 69650
39 106 20578 98321
57 166 39889 72476
157 82 54095 99325
13 80 35832 59529
150 83 6040 41958
66 84 52780 79112
149 156 28011 45607
103 126 34415 55678
95 69 33812 51697
49 161 6409 16868
152 112 33971 50173
22 100 30594 50084
6 14 36404 57506
158 44 59329 86085
175 42 65459 84897
184 83 10834 85495
198 114 71645 75355
79 159 54500 65618
199 91 31821 33411
132 171 3357 32677
148 106 2327 31845
100 26 23307 67116
40 40 28637 44102
38 45 2920 15089
124 53 30489 80604
171 103 877 8120
161 129 17776 34405
136 187 18846 36547
79 57 51534 82332
1 115 38183 70911
128 180 1136 19715
170 135 29492 73445
93 157 86019 91588
60 69 49875 60755
149 64 5341 6929
118 119 75012 87093
171 198 8882 63352
25 174 1012 34249
22 41 51457 97468
121 168 44820 62278
37 108 1890 2908
143 132 33531 89275
121 169 15130 94811
85 18 10114 52131
29 112 4517 86612
161 177 44610 52894
198 124 12954 63463
52 162 6267 9757
130 151 6123 37322
117 78 677 1346
110 107 7927 15484
11 3 41431 57823
113 18 47918 50191
197 28 31854 41359
35 194 7952 99559
25 122 68311 72271
62 145 12382 12404
57 140 49750 84925
79 167 5438 19925
66 22 26463 36817
26 151 66988 89135
3 76 1441 5326
176 161 28661 58020
191 130 55743 58237
131 20 35967 78466
196 56 35563 68373
85 198 1887 1928
32 105 9956 39741
145 178 13520 24615
160 68 51431 56681
32 178 52178 54148
97 27 9213 44008
140 145 30484 60816
92 47 79226 94063
184 55 29350 72517
160 185 46300 77189
133 143 78336 88535
6 128 964 34183
179 128 118 2891
90 28 21540 37168
140 15 33469 52520
138 71 19024 77517
78 54 32523 50062
50 127 8850 63875
88 123 12099 15850
106 194 20097 68031
127 183 67605 90833
172 136 18605 36082
81 200 18118 31993
8 131 1459 62633
149 13 4899 5440
57 1 8465 16738
170 190 10934 62522
156 3 75209 98289
57 165 34013 73301
138 36 15011 44052
58 41 1569 37232
72 95 4461 43387
197 152 10656 14938
123 110 28408 55205
55 194 36666 79643
77 122 60921 77381
105 49 15245 80618
104 103 1781 78553
20 117 190 887
167 121 13005 37343
61 171 37919 61661
39 18 33433 87358
95 48 53331 66412
194 34 19562 37481
192 145 34700 48101
111 27 4095 45091
22 108 21993 88818
61 42 5546 77253
102 68 22657 38540
104 46 8592 22816
139 190 61484 65985
138 81 17761 62102
131 175 15108 61602
171 7 74553 81025
119 60 1064 22421
32 12 22491 90307
60 144 41356 58838
49 29 4046 76448
98 169 6079 21970
53 30 8315 58484
88 90 32388 46633
129 185 42615 55459
90 142 405 9482
56 119 8131 29291
11 117 53285 83659
72 183 23598 32936
172 40 80314 82299
187 164 15252 69216
122 81 35532 77426
100 64 332 4829
195 44 42943 43103
200 178 12196 38841
91 192 44216 57298
169 97 473 8894
22 128 37324 74917
110 57 11147 39976
152 167 20378 34423
188 58 5172 50251
101 31 2893 28952
40 118 83048 95194
189 103 15374 63135
53 126 7657 7763
76 146 19651 51609
173 100 17823 53519
177 91 73891 80139
133 132 32083 42856
37 94 67685 96592
19 58 69800 87557
130 46 35361 37744
145 25 635 80414
111 198 60462 69975
61 55 2364 10911
121 191 950 2064
184 148 67310 86097
173 85 23831 66758
25 193 15005 41654
35 113 10832 24138
185 138 15965 21775
117 26 29491 64323
51 34 32905 34826
195 104 2940 90110
155 108 4177 34692
17 118 7 212
155 143 97 8307
113 81 57020 59434
145 5 12514 14471
68 181 4414 58004
146 29 2820 22711
78 181 25375 51375
184 13 4077 24100
170 176 10585 50888
4 88 16534 38973
155 24 19399 32453
6 79 3392 13970
81 13 33980 85696
196 116 17450 80778
156 174 2880 42735
71 117 40536 73111
199 197 18213 37307
36 133 74093 86737
194 179 11 4182
31 109 48867 87483
44 141 8548 17427
108 35 123 138
34 194 6835 97251
137 175 55312 55514
21 104 16904 21601
28 152 55633 87916
51 50 377 34143
105 54 17765 51813
29 63 13594 28107
68 37 15174 20974
84 186 646 779
138 62 10760 29603
124 198 11662 26214
130 150 48405 52070
192 9 15552 16732
54 122 73852 86888
105 42 39502 81696
187 15 1521 4394
184 126 25003 59686
199 167 20492 29918
117 111 20879 47635
32 193 51315 96443
75 112 74973 89927
14 186 41646 59098
111 85 15360 90404
100 99 859 2519
37 115 3404 54876
88 13 19596 50310
158 56 20620 32422
118 132 82703 87018
10 93 57553 99286
197 1 33585 53494
165 68 1584 7873
188 103 1901 6517
184 117 28853 92913
156 64 25563 32692
181 70 31695 63425
31 94 67011 79756
86 178 54258 69005
127 166 20397 82339
185 148 136 2237
145 40 4618 32930
1 166 17043 22152
101 44 13944 26857
63 152 35765 49816
7 110 13076 65576
198 148 43578 92988
72 196 2180 96182
179 185 45618 68927
156 109 17320 35825
195 178 40508 51087
137 28 79941 80982
33 27 18992 72737
174 50 5370 23662
25 163 12328 33214
66 31 15305 73489
176 139 10122 18491
138 35 33543 43767
33 171 22803 82695
5 78 16216 60211
87 141 12383 39732
131 188 32454 43422
147 93 2017 6634
182 154 12236 16822
80 116 16165 17966
196 2 23199 29941
42 118 56112 73862
159 188 23650 29485
162 62 25123 29938
171 12 34301 83140
155 144 64708 83291
161 171 79663 82404
101 26 85493 99051
136 76 7397 18565
34 99 70373 90235
5 163 49355 64724
71 156 70191 76028
136 163 24978 50605
143 67 59955 64160
191 199 61329 93320
72 182 23473 37174
166 75 8025 33266
13 96 23623 28072
91 16 67737 80811
171 95 13945 43858
67 62 43609 64296
179 112 8684 12939
172 92 5717 34381
41 11 18713 41915
37 47 25758 40734
166 114 699 8892
167 78 12104 16179
133 98 2015 9038
61 161 59509 74283
149 171 11314 11891
193 47 31439 37620
119 88 28600 39191
146 23 6849 20779
164 81 39750 54352
96 164 7939 19304
177 30 10989 57925
181 122 2947 84222
138 101 31008 54645
34 147 10982 92615
192 44 2870 34799
177 94 22845 69462
35 130 14790 49532
49 32 55013 98755
168 153 4112 18127
146 182 63747 69199
112 130 23509 49963
42 93 67212 70853
85 146 64531 68475
99 167 38406 72122
133 45 36130 90954
75 40 26595 38488
117 112 59307 74084
46 129 32021 58356
182 108 18148 43046
144 162 62944 77173
200 25 64 2936
98 89 27756 55328
176 100 2682 25499
124 39 9738 22367
4 68 62873 77578
75 36 21251 61019
178 162 15678 26925
178 104 16212 43634
38 108 61118 94851
184 43 43925 77083
86 123 61139 82315
114 67 62881 71086
70 152 2589 10099
98 120 3875 80707
152 14 50418 73472
4 170 5374 76241
117 136 5658 5926
65 7 34541 36350
119 29 11390 13548
176 192 4093 49283
191 178 25802 91509
92 33 37698 38363
83 96 37663 65677
95 31 35925 39551
79 153 33463 64962
29 105 1767 20959
180 185 19941 65257
125 93 23182 55065
63 3 24729 33278
195 171 3814 95257
200 104 25358 76024
108 106 11892 29407
59 150 62935 94669
76 174 2709 4367
101 124 23680 51109
164 87 50379 61654
43 117 2650 10141
124 73 77093 85594
198 192 2024 5965
118 80 2233 87667
179 19 4428 34966
18 151 7073 28979
107 40 74230 76370
100 101 4075 4811
194 163 17406 20525
176 83 79534 92910
112 39 64369 74411
130 167 43345 72966
187 99 54029 84251
181 155 15121 33446
140 104 7858 90458
180 129 50772 90050
150 145 67628 68098
169 50 5364 50191
146 58 18410 44845
13 172 11568 24031
10 46 85047 86868
18 36 36175 36607
150 41 23918 48595
122 141 17218 94594
79 92 8912 22039
99 99 1747 2843
184 54 1403 23978
132 1 21143 72204
187 81 12735 65177
163 169 5696 6707
190 20 48272 77365
155 108 4997 74025
151 15 1230 1450
76 184 27664 48818
61 118 989 61956
152 112 49335 49390
66 90 16910 32374
104 50 51683 89526
122 182 10124 18595
66 29 6892 55847
161 109 47987 81697
109 23 5534 12536
158 68 42259 49785
158 90 14666 17480
117 12 40516 80154
185 33 39066 87973
114 198 9942 37019
44 168 68842 93646
148 200 728 2021
192 89 64993 90870
170 190 17031 18225
187 192 63114 76062
147 32 1541 7476
13 180 2251 4097
89 85 2618 8580
25 90 8099 24790
93 23 31562 44333
63 170 48656 69868
175 74 660 73252
78 188 3312 14131
33 184 6352 57834
41 66 11698 29259
69 129 4077 4873
151 150 11260 12553
6 182 43214 96858
157 47 48507 49968
113 151 18426 57762
8 173 2985 12194
22 93 28797 29232
8 72 54200 62385
7 177 67206 98130
66 63 35747 67502
70 45 23839 40307
34 151 49234 91171
62 165 7406 36163
29 182 22404 23984
152 173 10134 68048
188 134 35898 97752
77 185 4707 42955
137 101 753 29063
138 190 24878 52180
26 119 34419 68242
165 105 8442 12136
43 106 26807 79756
93 151 9824 23790
148 82 19014 32239
147 173 1754 25920
3 28 11466 35178
181 122 38082 90248
63 46 16837 66313
46 120 78250 85660
39 39 7650 34066
46 18 34086 67442
45 42 81875 90745
189 122 235 831
185 197 6478 16705
38 156 73530 80887
70 110 39031 45332
176 152 1574 52009
168 9 24755 77445
48 150 12863 47032
25 150 55761 88954
65 172 258 309
36 187 72053 80946
106 53 29191 37442
79 50 30227 34690
147 135 4170 5917
88 30 53918 78813
148 74 11824 14903
117 120 25690 59855
35 89 9947 16193
118 160 84367 87717
108 194 17006 18520
96 28 1800 9068
190 69 21333 28697
73 188 14304 36559
49 191 45845 99896
187 100 37751 76012
13 90 26653 52220
138 32 31399 47071
108 195 329 505
100 185 89948 99038
86 186 11906 30645
72 43 1974 11636
169 68 13344 15167
73 62 30560 46980
68 2 76917 89051
69 196 32675 37146
26 26 40361 88671
10 160 10317 18694
94 135 13480 69150
52 7 16075 66654
91 68 6020 11967
42 146 653 981
175 172 48037 81952
135 16 858 1787
114 111 7101 18953
78 126 1622 87938
145 105 4611 82556
65 34 5964 18078
126 150 97057 97645
86 19 13254 45205
67 2 7177 42021
182 162 23848 37813
61 191 40677 97849
143 178 34685 91351
9 121 38689 91193
87 38 14845 47788
130 97 2037 5407
188 52 2327 2626
36 97 24411 32955
57 183 14101 72402
29 138 74892 75121
126 194 81200 88207
162 73 9403 9870
12 76 89317 98559
59 181 13416 45791
84 44 6237 8521
158 28 4509 23697
135 107 30973 33880
111 14 26894 30478
10 156 19582 98865
132 101 23012 32141
185 84 85513 90290
32 126 13499 31847
89 4 3391 28659
176 54 14260 24814
156 172 9555 10664
66 176 21683 29485
135 61 4110 7170
121 194 1651 15308
152 93 24489 38622
184 53 35750 86949
14 22 7164 12616
164 17 1027 1155
155 194 21620 46733
52 199 23232 59982
134 65 61140 64513
109 37 31867 43853
168 82 61787 70650
120 66 3886 58063
93 33 14641 22830
51 71 2009 36096
31 173 682 72763
87 33 14047 35342
131 180 4222 58027
194 7 41261 66626
199 129 12294 48643
89 146 49980 52001
39 170 6028 40315
78 48 22298 63419
141 25 49387 80985
52 107 2689 7013
59 55 12522 24840
6 69 18097 20761
175 155 1400 31525
82 4 81810 88051
128 179 61 93
63 50 24184 53094
195 43 4518 8021
24 96 9457 12273
139 130 23334 61107
70 156 75991 84273
179 165 28819 35447
52 6 53886 74334
163 86 14422 23503
9 19 58360 80065
185 150 35419 38215
105 198 4354 6829
10 83 30227 50211
95 153 31856 70667
19 38 9638 11989
103 24 15772 24394
113 183 20140 92902
166 79 43158 70967
194 108 6371 26434
37 155 58852 81161
191 28 22442 60198
142 169 93763 98861
179 86 11606 37884
175 149 25649 32087
17 17 40097 80747
179 157 46886 54736
179 116 13445 32840
22 138 19289 26157
148 152 66779 88336
67 112 5049 13360
38 174 18101 55784
45 178 37533 59214
7 23 59506 94034
26 126 3278 9985
42 120 40931 77266
103 155 51085 73663
171 51 5810 18805
191 21 4141 8769
122 51 43007 71810
68 78 11004 34048
50 123 10358 20643
101 183 2196 28124
113 68 82682 97563
154 133 11004 44228
58 178 2685 28584
143 111 8439 10382
8 75 61415 95416
95 159 974 7147
39 154 1207 4210
159 116 27326 28155
189 53 7232 9987
5 167 5245 48127
155 117 32504 91470
186 145 39899 70059
38 82 66174 76228
123 116 6132 7618
152 194 27304 94456
96 136 6224 20826
109 51 48260 57208
79 199 22779 57895
134 176 82394 99068
20 86 38877 71076
88 172 27011 48360
30 145 38003 69758
143 34 35639 52200
181 162 83201 96751
145 20 41740 60206
77 177 67059 88553
158 116 512 8261
52 48 19937 53898
44 39 7616 38446
31 2 72659 96544
71 60 26321 41147
125 57 11211 15936
67 129 31485 54975
95 197 10285 24516
82 48 38990 76687
24 180 2442 35585
102 15 47581 83139
165 65 22311 90614
74 150 4085 4986
47 75 20140 32001
24 153 2115 5745
73 177 53651 54279
34 64 7281 10180
66 54 13260 20169
44 196 524 2038
66 106 7252 88016
21 37 3070 3982
133 29 7990 66521
180 88 12975 90396
183 93 218 39368
123 31 9012 36164
178 173 15087 54944
188 182 32369 96114
58 19 25655 42867
160 58 20983 76392
152 85 31790 33620
180 47 3884 11585
111 6 30013 52800
83 64 7098 30149
117 1 953 1866
17 182 56209 95901
8 140 13634 51016
19 113 2872 40077
11 25 15021 34250
37 147 57703 59125
187 68 56030 59982
65 78 23681 96192
100 199 15037 56977
70 160 39322 59959
102 145 13490 18950
93 149 20735 43758
114 108 68241 68460
140 98 50793 52389
103 171 15587 54986
72 5 43269 90670
22 5 48381 89100
88 30 15247 46264
36 64 20558 33343
58 52 10471 42472
133 112 93292 94213
132 125 370 6138
38 56 32643 38761
58 62 10446 15376
158 34 33785 39811
98 89 23169 58541
7 79 1509 8083
185 118 39091 39515
158 130 74631 79029
102 8 65151 75479
60 48 25099 32125
44 5 24579 38622
84 134 2498 22796
109 80 23666 63931
40 181 10142 24407
15 71 29248 30985
168 184 70455 81967
108 199 21376 75090
65 58 74899 90269
83 27 2005 11686
56 67 1793 2023
56 101 26650 79264
149 164 82835 88649
197 150 43539 53314
14 58 53493 58205
182 85 46747 82204
9 103 6471 10440
70 96 28025 29536
78 115 16913 82776
28 118 41898 42440
129 183 88043 92548
189 192 13621 15222
115 177 1601 3697
146 127 44917 78638
102 17 44045 50354
127 92 30439 43904
111 36 14424 92174
162 178 49651 52631
72 181 9667 34944
163 97 11764 26886
26 16 18439 65462
102 163 1515 16853
115 6 17872 22144
166 89 6233 66851
163 192 10495 87273
170 18 18154 82988
115 93 10755 29176
17 97 8265 41744
188 46 10450 23527
169 200 13316 46628
31 118 3801 4214
79 32 26389 71942
183 49 70329 85713
117 156 81706 91978
40 1 24853 80851
103 52 41100 99479
88 76 13077 55517
42 54 15898 19636
3 193 7223 12856
190 3 79056 95416
175 64 16974 45232
39 35 14520 71194
126 101 7827 44822
78 177 81034 84614
164 5 55122 71078
51 194 33981 73703
110 133 1474 3953
87 19 72992 81071
114 86 12239 67694
146 161 3963 7123
172 28 7485 69781
32 116 97 8952
124 31 2218 2713
173 98 45231 67242
25 181 42643 75969
174 120 22666 93714
103 100 51424 91386
134 147 31610 34814
70 106 3248 15487
148 147 89759 99107
61 146 49232 80655
108 3 16748 23378
8 139 11695 29619
164 138 25703 45277
69 7 3108 9680
127 77 501 2083
48 110 51027 92099
62 171 13033 27185
59 166 27904 28307
35 68 42399 87833
26 193 34422 96212
24 28 15739 84373
53 93 4375 19092
135 114 40825 43995
81 136 3731 38262
110 67 3681 19477
92 68 26318 87189
96 14 5072 57545
45 58 36395 41942
93 141 2035 35606
57 181 12005 27358
132 71 1792 88643
91 136 67078 70051
110 104 31422 54202
44 138 584 33993
1 26 6441 6986
195 160 68421 69923
173 138 17901 26842
40 120 2482 12051
51 90 30235 95881
10 40 69095 80187
83 155 49803 62433
2 147 16982 24800
104 145 59911 79756
124 137 26867 69254
113 71 3860 6392
66 186 3397 49906
40 42 70205 88170
186 97 11947 19497
187 112 28519 35991
40 28 9227 17294
10 113 4363 6342
17 103 671 52781
1 80 48420 90910
2 124 46015 46323
25 107 10194 52125
85 83 4707 20253
36 16 1393 39807
200 41 18354 19497
74 167 3390 35135
8 128 8093 77910
53 49 7329 11274
178 169 43222 98402
127 195 6452 11588
28 162 279 36299
143 39 24683 44449
159 24 23076 23988
84 159 19339 85787
158 61 60921 93433
114 66 83121 92632
43 86 8878 9258
105 177 7809 14010
165 48 38097 69689
63 46 17987 86269
15 130 890 29730
88 172 36111 62613
186 3 6872 30033
195 117 2093 19151
149 32 13997 70307
1 29 15698 56396
111 29 20642 38504
137 9 11360 95591
23 191 13331 23459
43 9 19979 23327
108 177 2273 2444
111 75 26481 73595
117 68 7569 18287
62 33 1083 8968
122 44 3582 14650
23 40 14676 83234
124 130 34745 92244
40 23 68689 90193
51 175 39798 79072
168 198 61470 83361
52 101 58328 70323
146 107 4916 41086
46 66 49251 90127
29 70 53942 62282
46 17 6140 23582
40 111 81632 82180
147 56 21301 26646
22 183 66994 92417
186 99 23181 29512
126 116 56187 77466
52 34 30625 61917
91 83 70982 92199
178 182 4605 5114
133 78 6394 62827
161 191 8773 29267
137 120 78065 95243
56 76 5049 11042
132 190 13421 35782
74 58 1007 6158
117 35 963 1559
86 21 36602 37916
6 185 18730 40677
109 173 34574 83014
99 126 40451 45357
28 39 32622 51518
33 153 25233 44613
106 32 10318 39845
64 89 6988 7647
78 176 8646 26733
43 124 11208 21671
152 44 39126 68747
164 136 50213 54808
146 23 45019 93882
21 86 1894 29189
162 6 47510 50223
27 41 3751 8918
164 15 28748 53415
12 197 13213 50957
189 111 51 14891
100 80 54551 89497
10 155 16921 63178
51 55 53241 65491
126 135 52163 60915
102 117 41057 63350
34 51 2102 2588
27 29 33494 60158
54 12 64617 71448
84 51 19390 29548
102 130 41083 61196
69 133 54621 71810
23 123 5572 9821
110 26 21140 47039
4 135 43381 52481
133 122 33099 91071
193 142 5020 7822
124 142 77070 97382
77 51 28166 62508
127 69 37915 72813
144 78 8112 90687
21 172 49574 73994
13 113 88239 97011
30 189 14834 39016
179 121 9965 99632
95 25 25228 33766
21 145 9246 32458
109 44 11387 15575
138 115 51636 78924
4 108 51789 59682
18 139 12438 28333
194 13 5704 92360
150 79 18714 22091
121 185 4729 11085
48 54 12633 35977
122 27 39692 45848
132 133 6598 12885
106 132 77411 98837
195 181 38994 44939
25 74 47480 67484
181 15 11977 26340
163 181 910 42896
139 132 6822 48089
68 117 6693 85036
26 119 27877 37564
180 104 355 33870
37 157 43668 74673
110 189 52971 80622
104 46 14979 36648
110 74 14801 28844
174 166 3770 44124
6 176 40584 51571
109 65 17118 24464
121 67 3830 22045
77 91 22172 73476
142 32 21491 45028
61 120 2555 31007
39 90 8152 29857
32 16 34955 44758
104 64 23716 99761
92 105 61629 85630
152 15 20979 43752
48 83 774 63299
4 149 14586 15774
126 73 10214 43167
17 45 80331 93859
103 7 31206 98723
133 148 59956 68882
150 149 16797 37874
89 189 49404 53131
160 144 22362 28199
93 185 58892 61399
41 23 4063 9778
129 33 2884 56564
152 29 71157 84959
200 163 4270 45257
189 75 11586 24564
33 165 50266 72597
83 106 21677 44211
185 125 5092 18570
13 24 5028 12563
165 70 38711 98674
41 121 3243 6858
7 136 20081 79622
136 143 8870 30208
153 38 19109 74656
33 49 51018 75992
97 191 18917 55012
59 5 6738 78577
7 130 69345 78334
80 20 23800 78647
155 68 31031 58011
19 59 1232 39312
67 166 37425 52306
104 32 351 1441
143 34 60141 92877
10 144 29096 57580
82 57 79455 85610
145 175 10778 12965
103 107 93794 95948
167 45 42267 79263
4 22 25886 49284
60 114 25060 41371
191 109 22393 64242
137 148 53557 69562
164 15 23083 34335
51 158 14849 27066
188 9 24722 39323
41 181 1682 7670
19 124 55252 69066
144 27 11357 81092
179 48 70411 94882
135 23 854 3187
163 189 8832 58710
199 139 2970 6136
143 169 3156 66777
14 97 26069 37980
175 45 12550 52390
126 73 11843 19868
126 154 9122 9433
140 90 55086 64327
34 194 32155 90148
144 167 49401 87608
88 197 37892 81434
161 119 36780 84883
93 85 3149 40858
99 161 35771 82868
75 19 343 11180
153 78 37092 46765
122 103 5596 5904
184 49 28953 94976
190 133 30901 44290
106 1 7345 19058
148 144 84297 93263
190 184 13585 38298
85 153 14497 57962
60 138 11871 39925
125 183 24320 32315
43 173 6508 10208
107 138 67501 89514
187 20 30055 64214
198 130 14305 76051
27 154 24006 33060
43 145 1668 6415
106 119 15096 19563
184 123 38840 86180
42 167 4233 53006
49 184 8853 37538
187 63 45581 69287
169 63 27727 47510
117 59 12925 26149
32 73 23486 36176
142 36 66928 83038
69 97 25398 79012
9 3 5375 54963
69 89 45371 54481
51 126 32496 33905
158 109 27514 79546
167 162 48078 49879
115 38 3516 65452
168 124 41626 51275
118 34 73787 83867
103 135 39886 44525
154 157 56755 71477
83 40 57515 89936
136 145 5798 20522
131 109 6980 39161
173 59 62591 94081
144 67 1064 5087
36 74 46681 97159
43 70 29130 93821
77 24 30637 64170
75 141 45692 48289
122 175 18723 42735
64 35 50846 51107
104 32 20486 24397
199 110 5654 62721
56 46 37610 81527
54 149 5216 14466
34 48 57062 67104
179 89 28601 30168
36 116 38429 47363
52 145 51779 83596
71 9 75776 86515
87 91 19690 86732
32 117 2181 6739
128 99 40384 47122
147 80 21014 25781
65 41 59308 74025
40 181 7753 46347
115 38 22763 28945
150 45 27514 60127
15 21 38925 79913
31 26 11944 82974
194 21 7483 86525
102 24 1254 17940
83 5 8453 15300
164 4 70251 90013
77 141 31185 42282
76 133 47815 63076
111 133 16894 82285
27 184 15612 81222
54 67 12585 42572
102 155 73149 77545
64 181 21050 42975
100 200 15442 22887
171 99 28332 28833
126 127 1066 1191
82 20 147 1993
101 116 1304 1321
187 111 140 435
52 72 25544 30879
121 32 3816 3834
199 172 13774 50795
198 142 9289 78174
77 75 20185 48110
158 120 29546 71352
76 62 68467 90304
200 19 71772 80742
169 6 55266 58032
31 165 33742 48158
63 18 5874 9819
199 109 4427 5279
191 19 36340 93968
95 129 23020 37136
92 147 6855 38760
172 74 8777 31347
14 31 11877 38097
76 112 9831 50977
171 36 7446 24752
186 87 17030 17304
75 21 1122 13237
110 17 5856 51958
174 76 13078 29569
200 69 3942 68356
28 148 4310 41777
43 32 19205 65625
109 165 20792 39239
141 90 4763 96706
64 23 8652 10748
28 105 27116 49348
176 186 23283 34123
24 46 1394 37295
108 30 65779 84134
69 63 2310 13197
88 167 31679 35882
83 182 60366 95369
85 46 43403 52831
132 185 3331 7951
127 123 38034 65148
33 102 6503 43324
107 182 33989 81246
59 10 56094 57519
167 57 3840 83671
119 199 40148 48648
174 159 77800 79891
94 56 7720 94963
109 56 27184 51239
177 47 59 12179
190 155 27810 40637
50 99 22660 26842
27 112 7967 26659
74 65 11947 51355
192 73 8571 25189
18 29 41984 82693
70 168 25491 68155
86 145 35690 39039
59 83 18763 52188
72 193 16177 99743
64 86 14539 20375
182 186 18845 76982
82 3 22624 84389
68 108 2626 70038
153 64 10252 12300
4 150 39569 91903
122 146 65570 70080
153 76 10132 36467
175 49 78273 97474
48 87 2328 3586
199 108 19053 61596
194 14 932 47586
141 200 8617 25023
107 13 4828 9890
68 84 28934 69838
184 71 11455 12960
176 69 22550 47488
41 43 54577 92118
173 19 28278 32115
65 188 24705 40072
130 177 47102 78212
161 168 9830 16483
76 92 22008 48584
86 126 17002 34191
184 197 31720 44643
55 126 4678 21738
124 69 16648 86716
135 23 60659 81648
54 28 72180 99087
188 129 9942 96252
128 142 10579 83816
68 57 25265 90455
125 154 25915 40177
188 180 4658 66230
86 195 732 33209
171 156 23395 30892
87 10 44143 62472
121 8 80213 87158
141 8 84134 99586
13 154 5475 5761
103 82 1512 6624
32 15 16745 16952
80 146 12485 82894
75 111 23439 77100
173 52 26875 75708
41 131 7471 71159
2 107 51107 83122
108 108 4284 7025
44 34 55970 76753
50 48 66201 91709
165 81 13310 27277
112 71 1264 9362
114 81 981 22406
126 176 24637 86335
169 150 888 85634
153 161 3340 7425
32 89 51182 89686
75 74 24573 33395
160 84 24725 42662
82 72 10627 19697
26 55 23123 81606
115 82 1588 8479
37 84 33540 72597
65 39 286 57368
173 97 5687 27211
84 187 8712 10482
166 173 24694 33412
136 159 10439 23584
64 43 7242 35733
181 55 86089 94473
161 123 27979 92306
78 190 5970 24892
41 90 87475 92411
66 102 3495 38225
111 99 10528 54027
110 134 50213 84553
172 120 74764 75109
106 122 33363 93114
30 161 65731 83241
5 85 24377 44055
186 8 17940 60329
102 149 5066 11921
145 47 72071 76869
47 127 68239 91788
110 4 57203 66341
160 170 7320 55796
102 84 11821 27894
50 24 5710 93978
142 53 18484 60023
126 43 7388 35646
189 95 936 1778
129 195 8727 68227
128 27 73853 92847
120 159 10720 25721
112 33 45175 59598
130 117 41003 71172
134 78 11155 15445
4 171 32575 42902
119 100 13919 29295
174 192 11067 38453
43 46 20051 32290
147 73 63075 63900
130 46 26310 50091
57 126 39057 58680
66 57 85242 91045
39 20 8087 50468
49 133 3 3645
77 198 63493 68603
192 146 28571 31888
156 164 7770 22186
154 25 25623 25739
185 92 10367 83825
150 151 65011 77384
163 43 11338 95305
144 58 16859 17397
47 132 3038 3415
71 124 26106 63062
12 2 6741 18509
48 121 34196 38186
126 34 58678 80712
59 61 12115 54486
168 168 12408 28296
45 41 649 1092
122 110 57750 90798
111 196 47806 57748
117 98 408 1660
80 187 3700 5067
188 45 50633 71646
42 33 15608 21232
11 35 23334 26201
200 29 7472 74211
1 70 40580 43127
106 182 41056 84758
51 9 60343 85550
30 15 12200 29689
118 179 3713 16998
108 1 18163 55981
22 132 3708 86615
6 188 13959 26554
181 103 76071 99040
168 51 45883 50325
60 44 10220 83735
154 37 25870 94121
74 115 83060 89753
189 72 4089 47085
58 68 20453 81917
69 110 5709 27747
138 147 7559 27545
129 48 11565 24350
167 37 981 11759
13 174 14964 28225
51 65 234 5054
82 101 11220 12349
14 82 14280 23698
159 75 36232 72564
188 147 22180 22939
137 54 19208 27488
109 185 67796 89423
104 156 41679 59819
143 102 55223 76631
50 89 48934 68063
27 128 62081 67001
181 138 36797 69079
70 57 56350 68266
195 113 45195 58266
84 28 47931 62179
182 141 74347 75265
186 90 31858 44759
191 83 65013 81015
120 102 54814 57932
111 64 244 57586
185 76 1907 11108
45 59 78118 95772
87 84 81863 91960
120 163 6796 7306
74 30 1090 1328
97 139 58188 94016
168 22 8821 18513
101 165 52317 55746
43 178 2461 3313
193 123 7183 34340
10 198 50809 71307
12 20 16300 41584
112 52 8596 52417
153 50 5716 8983
86 97 2313 54133
179 26 32564 38666
140 80 63372 70077
26 103 58301 61198
14 161 49781 64612
109 23 17129 42986
187 65 53318 70628
180 121 15203 39534
157 129 12693 53981
129 185 21493 61017
120 127 54206 64382
146 153 27516 84623
191 8 18849 94595
193 155 41174 47749
144 64 6850 38535
13 112 43171 54337
91 28 25583 68682
138 153 14015 82768
127 179 4422 46222
43 120 9150 88558
134 67 14879 44848
63 41 309 454
93 56 48847 69908
94 112 1734 13275
11 140 3256 42469
39 95 24678 28967
168 39 68695 82033
113 92 1751 40312
31 74 80303 96809
168 95 19257 21149
15 45 38114 90610
117 77 7925 41333
73 138 62131 69040
83 13 77238 83247
200 133 8628 56435
111 44 13430 45472
60 60 2755 7863
81 42 1996 14529
85 150 585 682
162 69 2013 2980
9 41 20818 90628
146 147 1169 1325
93 126 55717 78678
23 178 801 840
168 65 9785 59921
79 38 58288 63530
167 172 9933 37699
58 122 7557 16490
3 93 2223 3008
103 63 426 10056
24 97 32579 39772
184 187 41680 54298
40 94 6432 14316
168 42 84891 87942
22 55 3255 21497
42 100 45663 51651
84 144 18849 56028
90 174 21599 27880
76 117 14015 46165
174 21 37535 78642
119 169 47482 68318
183 190 80107 98100
29 90 80186 99766
123 39 18467 25005
62 20 77609 82344
50 54 14658 18763
78 135 85913 92361
74 17 41325 70553
6 71 5643 99839
138 154 33659 36870
89 162 9246 25865
57 184 815 58346
124 161 1434 1767
29 17 61929 73832
54 28 3741 8377
10 121 5660 29784
19 91 82466 85083
68 186 48337 99282
128 115 12519 13573
147 133 44198 56941
35 15 16531 86712
64 2 9586 31271
96 6 13510 53941
92 64 8735 9058
2 88 3825 6924
25 39 23823 26726
90 29 1929 13340
101 118 36954 37477
106 114 1525 3618
78 14 11406 34957
191 183 22624 32835
128 33 24021 68672
77 147 18 872
27 133 53806 86634
170 117 7701 32375
159 40 1018 63503
137 49 3408 41664
126 128 14320 14502
58 62 5797 11923
129 96 8907 23321
13 124 966 26133
125 174 29364 48718
64 13 10563 12653
150 83 30193 41878
166 152 29090 48019
190 6 14475 40555
20 19 3922 63965
53 50 47464 86586
56 48 49452 64311
139 75 21467 54104
119 92 9495 49778
51 68 61035 66729
63 127 39048 52362
108 101 2286 75447
161 130 33556 35284
174 129 1049 47342
14 160 32942 62103
40 85 3795 3917
98 107 9535 20112
25 125 28821 95390
28 116 38236 72103
35 148 59682 86010
85 86 51495 54766
139 137 9906 98216
90 32 8301 50456
186 165 3075 13696
36 121 51168 57551
54 150 13732 28587
152 135 27488 89117
177 5 60988 96745
196 192 20570 26653
83 80 39472 70450
139 104 74355 95666
155 153 5369 11550
135 33 4653 43554
112 163 7941 88908
26 181 56999 81745
166 15 81082 97744
99 44 12663 59543
107 129 40003 43140
16 187 72195 80413
171 133 2742 3677
112 187 7284 48760
100 108 21774 68687
148 114 11428 27009
83 200 29976 62488
179 138 16925 24123
182 66 41820 67811
115 116 23853 27924
28 200 38826 92810
78 150 485 88730
82 162 18604 32297
71 148 49642 97650
181 78 41790 88070
130 34 1835 76107
165 198 5537 46771
9 117 41407 63706
98 121 3468 6528
52 150 60047 94443
147 31 253 769
144 97 5518 53642
131 198 1955 25513
98 195 7726 11187
103 97 4657 23682
122 8 45651 56071
32 46 19515 76651
174 154 5159 74533
101 33 3274 11313
102 130 2832 46502
168 4 45670 48350
65 194 92932 98565
56 172 9485 41522
188 43 6341 6345
96 95 62564 94457
7 38 12046 78605
158 96 20216 62645
2 108 20851 30497
186 130 23085 64786
145 75 13112 26314
137 48 70411 77462
32 142 15382 41343
175 145 19446 54296
16 175 39293 62152
111 67 23842 99854
157 83 2583 74329
11 101 11486 60318
191 31 2956 35625
138 145 1228 9803
94 80 2838 49850
157 92 857 94019
90 51 60594 67511
111 94 15734 56418
138 113 715 2586
31 125 16107 41560
183 93 37914 50814
109 191 11540 20523
61 185 7870 25688
36 1 27468 53697
117 56 50658 67414
25 10 12021 18418
85 146 15908 80330
189 70 15603 36484
161 52 5917 6269
41 128 61371 99879
69 136 15461 62236
68 110 34597 41722
176 197 18084 89549
161 173 11736 22701
71 129 3115 10057
32 19 21200 32693
15 100 3410 13878
8 44 24523 41027
51 14 21290 21969
107 124 62275 70149
53 18 1887 30202
149 196 3360 3620
197 120 426 4110
169 71 4520 60545
67 55 1131 3437
6 60 44083 47820
34 8 33255 45219
66 177 20420 43802
141 198 34493 40865
74 59 54264 93417
90 199 34177 38732
128 195 55722 61797
106 71 47548 76458
191 184 24360 70272
93 183 52253 80101
168 6 21662 33019
91 157 6854 8544
167 28 3840 9216
74 26 5030 38153
21 95 21064 28229
68 176 311 831
33 1 93935 99509
104 17 23583 85289
74 189 23152 23407
190 27 74637 82720
91 31 48912 53734
155 131 2916 12297
158 133 19077 23740
80 3 10096 20402
172 178 7653 13575
170 189 23097 65093
163 154 77720 84692
25 16 9065 11799
156 22 25217 92519
102 175 3350 5875
116 48 38811 75238
93 40 32450 77185
64 38 11786 33612
27 59 3923 93466
17 1 213 4542
148 82 35362 70232
168 16 27896 69620
21 181 37274 73351
6 35 7388 9256
85 149 10755 28207
33 161 7284 18325
55 91 71363 80936
110 153 63860 77050
139 105 41250 80565
35 55 27517 57678
13 99 91262 93773
92 16 21497 80980
9 163 23098 34430
139 131 1665 3486
189 130 72832 98975
85 148 1488 1514
36 55 4464 6446
130 171 35662 47952
195 115 6430 15610
180 179 6705 16793
53 190 55146 77858
33 165 6121 7299
110 109 16259 31469
161 121 5087 18324
147 161 44689 92341
66 136 34 6662
101 183 78654 79826
79 164 36794 38111
140 53 5245 47307
9 95 14530 37539
185 15 56796 82968
3 185 32824 57569
187 193 44818 56636
132 168 24321 64052
137 136 76657 94918
108 25 33382 61806
181 33 32953 53745
107 163 46660 48050
144 176 39729 43059
200 140 1747 27292
167 42 970 2019
66 84 59962 77700
120 8 8485 15298
1 11 2143 43127
131 75 14311 14428
10 151 13767 33380
70 35 28010 56328
105 28 14897 47515
32 110 73711 73767
3 11 43199 61931
102 154 14296 36289
159 22 10975 30100
124 177 2093 2480
26 28 18262 39392
182 41 14532 39367
11 134 275 6729
168 72 19150 29668
97 50 3517 9563
98 139 5360 20659
171 152 2031 60151
4 88 5880 72060
172 75 2930 38157
101 51 47632 54713
43 3 53299 97177
182 145 72090 99730
146 171 10059 25169
130 115 44914 47553
105 32 17244 73704
188 155 14981 22511
34 92 1951 41095
96 33 12772 47005
168 181 836 6433
141 16 7104 15244
104 122 25996 33095
86 41 40788 41485
87 36 14192 15829
72 52 44726 82859
147 175 50493 76349
185 143 83163 86106
194 127 43493 58300
51 46 42210 87750
51 58 19392 41622
150 16 237 388
139 34 11824 75163
151 28 27480 77638
136 106 75285 90657
75 46 27818 50201
198 14 12765 45490
136 100 756 79582
168 20 62602 89828
188 31 22767 84062
165 141 51746 63578
25 117 34400 86231
128 40 1731 6877
147 87 6183 47803
164 35 14355 86329
177 63 505 1940
184 148 15872 62556
167 113 43778 69305
91 37 2280 6024
113 33 26904 42318
180 101 9877 27703
50 186 74754 98173
150 59 11459 13901
70 57 33247 61562
98 67 1411 23828
173 197 73207 99555
137 67 15445 52637
37 164 17712 74930
171 146 7968 55881
61 117 1205 1447
84 188 21031 99489
113 180 20838 40672
122 55 22616 49264
16 132 34479 61576
171 143 1789 2135
16 73 43698 74053
190 99 57387 81605
64 2 3815 20371
94 16 4472 81934
38 143 61655 84499
63 135 6255 16571
52 178 2971 10284
10 68 19949 23370
194 24 9913 85023
68 3 30448 83324
99 177 9031 14913
135 160 41156 74049
82 132 4559 44802
30 91 65960 91961
7 30 13967 73598
63 45 41992 57022
45 69 3631 11203
29 144 11943 97684
191 36 48778 87124
20 69 98 132
76 11 13115 85718
131 164 52354 84496
104 125 21272 61356
91 122 48523 79230
196 62 4479 21461
103 92 54510 61298
76 60 73872 93306
128 25 38441 53527
180 6 29943 55957
79 90 7285 21573
34 85 69666 81999
194 40 10152 33764
9 181 87011 96144
179 112 13873 94170
157 43 4701 7003
3 147 3855 64771
143 19 2890 4724
168 157 17168 89513
135 180 17668 47040
198 77 9522 15481
68 164 70116 87460
10 155 18913 56196
28 135 10793 13458
6 108 2051 66270
143 194 48822 67895
144 105 52349 57638
24 70 18857 33084
146 157 33448 41950
123 125 10608 29730
123 105 40083 72334
111 100 16865 53783
69 99 14291 32180
189 16 17391 52870
197 139 13989 24429
173 101 64635 71430
167 116 28658 63058
24 186 51202 55346
91 166 18379 28863
32 188 21034 52915
200 3 22181 45009
33 6 21891 57874
15 22 29510 31172
49 16 31651 70421
195 76 3907 53470
176 83 4228 7571
187 42 20697 68274
24 106 33767 61636
13 91 11866 16748
15 127 1030 12708
173 83 36659 68201
183 66 10774 18961
80 84 4304 17083
120 178 59423 72249
10 3 7791 13026
59 199 91395 95568
125 44 9371 15829
25 117 57157 82855
189 161 30178 76235
178 62 12868 17885
117 81 4282 68971
58 99 11317 76761
59 47 81329 92944
129 98 364 25345
197 190 37639 54259
65 68 1619 97165
69 3 35466 92995
66 120 1361 14550
116 88 389 739
127 32 17499 18524
148 49 52039 69712
124 162 2585 34375
26 119 4147 21462
185 111 2240 38714
67 177 6752 10835
188 124 34756 40132
174 193 53968 67318
17 162 7284 95022
183 157 6810 79764
179 28 5504 81226
27 42 6003 96736
21 139 7012 28735
28 32 41863 76130
62 55 14522 30099
84 170 12950 86376
145 153 27516 34848
179 91 1782 21426
151 33 33572 66535
1 192 7143 8252
85 169 30905 32300
199 95 20708 23730
57 104 56814 63920
30 170 13188 33778
63 42 45382 47406
181 41 1166 6557
77 165 59716 90454
82 84 22500 23499
58 128 32202 51189
112 14 37385 46838
55 56 1389 45172
46 155 12535 22571
25 50 12423 44639
41 113 2578 4076
73 80 30673 74362
171 199 32398 80760
14 102 9156 24069
155 151 25685 94007
78 101 9326 21021
178 50 45970 73821
59 132 6286 85848
183 198 6165 68612
141 30 11032 20294
126 105 44343 76473
134 148 4003 42816
50 4 31104 48473
39 40 34260 36898
110 196 1994 21355
145 91 2568 21365
198 35 5778 59714
42 65 1229 8429
127 35 41477 78505
45 158 38592 66972
16 109 19697 20563
162 110 86253 98331
193 128 15632 83053
76 1 36117 92638
112 152 509 5431
7 39 3267 36197
155 132 6394 18036
108 109 10605 83765
44 11 27052 98629
14 183 19600 21515
80 139 1927 3924
131 99 72323 97599
30 53 61194 79612
59 137 7306 48029
102 184 38461 62131
87 198 11351 41655
198 35 54888 86414
160 57 2109 5617
177 88 8961 15651
197 50 1649 13697
63 126 1986 65388
147 157 26478 90844
191 161 37254 91915
121 39 2431 3056
121 47 18989 63064
118 66 27177 35733
36 57 27285 38914
66 191 5548 37246
100 167 52165 74981
78 83 18667 35444
31 124 49167 66158
1 84 66642 68301
88 157 50914 88513
124 135 31294 45862
162 85 798 3741
134 44 3019 7194
118 78 26224 56532
105 109 17485 42107
72 108 3857 24758
23 73 57300 62798
44 36 5196 24027
158 179 3495 4876
200 169 8198 44641
99 109 2087 29929
167 49 46772 51034
1 97 8656 22275
25 123 44912 51260
145 198 8679 86697
31 57 42057 50226
199 155 2833 8917
94 176 1424 3745
141 111 81896 89669
117 58 10293 23793
182 200 81992 91973
125 97 71278 72719
88 6 42802 44357
43 125 66548 80333
37 17 40205 43489
149 132 67273 83071
170 26 1619 57661
144 191 3703 35625
178 105 18948 45791
14 115 11830 19203
183 151 67126 92164
97 163 16944 22033
169 69 1088 71911
187 42 26596 50291
164 198 7337 25962
158 83 12019 65736
179 76 2180 5453
70 172 24413 31774
69 29 15752 37651
115 13 7381 21474
16 143 17257 44054
124 186 7373 53500
191 99 28020 59858
15 188 252 9156
165 151 5604 7930
97 190 42621 51528
28 48 17878 84440
72 67 10679 12260
38 66 6688 8862
175 85 32636 49944
149 7 9333 10131
192 178 34262 45050
12 136 48840 99047
48 4 10902 13653
185 186 10497 32026
135 54 11032 16646
53 172 1850 42551
34 145 1257 15947
11 131 162 5405
116 46 1748 5915
41 34 41832 52570
97 44 30052 86951
129 50 53539 79305
124 94 8066 14896
20 32 169 15137
56 7 4707 8590
154 111 5509 73999
166 175 2095 17571
103 135 59684 79432
63 28 4433 28256
32 58 54012 91701
2 98 18248 26756
117 76 1138 17355
136 108 1355 17750
103 51 153 1490
28 34 1523 2185
49 51 29453 58397
40 164 32677 71747
39 66 3426 40832
114 117 580 2306
186 78 20137 24116
200 156 5686 86327
139 174 19197 95639
150 76 20826 39721
53 87 1337 20498
186 199 17022 98608
164 101 21704 61741
6 1 26883 97492
121 93 15523 36292
125 151 6720 41858
137 189 2504 21664
39 161 2516 5317
34 105 12372 98156
115 127 43445 79827
93 115 36485 68540
94 29 3185 10205
107 36 43804 94429
149 92 3829 48780
131 76 21103 89756
191 191 4168 15153
31 149 51659 68384
1 28 4391 49366
109 199 4932 43280
44 149 65916 80269
105 187 12190 28820
16 131 7458 15332
154 72 39642 70697
108 118 63784 66719
77 47 8548 22111
130 170 48099 77982
124 72 2612 14593
133 173 303 18703
87 66 46152 81779
117 82 34633 49121
58 49 6400 24087
6 101 5697 28346
3 4 981 2644
61 93 5270 26692
75 68 62084 88077
150 107 13262 88413
22 104 8643 97807
17 81 16242 30584
88 12 45983 83370
21 92 66930 85709
21 77 24631 28919
197 130 12390 67065
122 73 11789 78733
190 107 76471 92639
160 22 17610 60042
193 5 8081 8561
74 107 47242 81861
29 43 12333 22305
5 5 3815 17496
181 85 90897 96125
197 127 84872 99810
142 2 7608 23330
80 118 9302 34718
89 41 4891 7990
62 172 25814 31480
136 102 82910 93967
165 158 39182 61482
41 2 64927 98929
21 144 51691 88192
119 200 1317 1347
60 198 18817 23078
20 88 11857 24040
18 35 57785 63378
52 29 12076 43722
94 106 5354 89638
181 111 30119 47506
182 120 19012 83816
175 173 72464 84228
29 102 2128 90452
122 168 22952 54305
87 139 67036 71841
19 145 17568 28534
84 50 23310 25070
59 186 57954 62062
27 119 5360 20041
100 132 12823 21883
95 159 47674 55075
7 2 114 60088
121 122 47879 83750
83 170 7102 27745
183 124 4813 75384
114 136 55345 87184
160 99 64747 99280
51 28 3638 5453
67 43 7555 63012
4 77 15700 29914
24 3 8464 18592
150 196 497 2916
200 81 2360 22865
151 131 901 5585
192 185 73038 84356
122 188 7928 78887
183 131 7575 73307
171 122 13369 19360
111 106 1511 2843
131 23 885 11885
143 115 15859 41021
75 151 645 2939
52 126 27448 29688
74 91 21686 35033
35 198 2347 20369
163 103 4076 69047
40 66 35346 60317
80 190 55517 69660
60 155 45722 46712
188 191 1486 71117
176 183 271 2163
188 116 19322 65402
168 166 12608 43859
109 1 10188 34677
182 82 9451 35552
146 165 37 1159
33 35 5085 21653
185 48 18739 39013
79 14 9795 37492
163 26 11469 23540
52 189 12414 42823
13 163 39183 70219
45 199 24233 38271
83 62 83971 92490
154 20 63689 70692
58 102 61174 67269
135 171 8972 32474
89 75 4974 29797
199 64 10452 16095
144 67 35618 76648
155 81 26040 28315
21 30 5470 42567
107 51 7129 39065
174 58 3531 87255
149 4 20473 54919
185 149 34618 62226
35 64 18030 18532
133 59 63801 68593
180 100 22353 81186
51 104 17842 59473
181 187 74605 82362
61 152 40977 55706
29 167 34932 47293
194 44 670 1122
35 122 43947 57529
157 197 2554 25693
41 94 17626 60976
116 42 8535 15323
178 93 13793 96661
73 81 3246 3917
181 130 52038 70345
89 57 24577 32329
189 27 3882 37197
197 139 148 173
52 188 5559 34872
104 33 9565 30543
8 119 15313 35523
198 5 343 14123
119 15 30724 76363
189 60 8312 72666
161 63 3430 34966
153 10 10091 66234
42 199 31960 71738
158 112 16359 19151
86 143 3970 32367
102 81 70259 86771
108 60 80316 91170
121 151 1588 35761
14 89 1138 6631
103 4 9006 26561
37 195 5675 7210
189 27 44382 50426
195 14 760 15375
151 109 15819 25894
74 86 19733 45587
87 62 76198 94982
112 21 4462 67996
193 107 783 2420
192 48 13230 48958
1 68 14012 65454
179 24 16048 63807
40 29 57749 87832
90 86 1518 10260
77 136 47451 92973
131 195 23037 72607
118 177 42829 75427
24 61 32926 37870
119 173 23106 40197
197 81 23954 24874
82 5 1118 2386
135 62 1444 95949
99 7 34613 87027
123 77 22044 25946
64 28 25207 54051
158 142 37646 38789
72 190 25297 72667
165 47 18145 97844
60 189 21109 23038
51 1 1672 3622
89 99 9780 48318
165 76 10262 19780
21 74 38288 94940
125 2 11644 38639
24 57 16626 74306
154 121 20970 81016
53 76 32434 44847
40 186 13984 21268
19 44 13146 21196
39 51 9184 62136
182 58 4118 6513
57 106 18977 27211
66 109 33470 53963
39 115 27130 88987
111 22 40013 80707
115 39 20741 39540
125 110 3218 12468
192 164 61457 63143
110 43 39978 92547
103 116 13266 62463
11 44 27338 45586
132 43 24009 60104
58 153 22908 23333
59 176 798 30280
119 62 8714 32192
21 130 24613 80042
1 27 24808 56828
198 57 17799 25789
108 180 46627 74065
55 177 40941 96173
99 99 54312 54646
80 134 24732 28468
1 65 9057 78947
79 36 3271 67579
103 147 8679 67349
148 19 37999 96251
83 124 28729 67366
126 70 18483 82815
183 183 15759 68293
183 51 5684 7124
149 34 29699 36030
165 46 21210 46718
31 38 4756 7070
133 140 1111 8644
179 62 4230 8794
157 184 18911 65355
117 172 12879 95661
33 149 2161 2648
177 95 3651 6709
48 105 73376 81113
84 45 6212 25272
200 72 11515 36206
136 15 9492 73642
49 106 7620 12739
170 23 493 44691
192 43 6252 7517
196 185 49851 50423
41 29 2735 5777
166 118 26553 43307
130 42 327 72697
186 120 15981 44648
94 163 22131 90451
124 155 6349 89088
47 169 42770 82934
112 38 7590 58287
115 47 27375 61714
147 125 4217 56440
114 8 20778 46023
53 153 40342 75271
30 157 36351 56114
47 125 33434 43013
133 16 5202 33367
112 56 11070 42197
162 61 1610 20081
102 28 74 233
39 1 3194 41296
200 159 95696 96224
158 181 49193 87220
15 111 40576 55654
171 166 20121 87414
191 26 29509 36732
11 105 5627 30841
73 101 36086 39983
155 86 21378 29488
183 65 2657 97450
19 79 40614 75888
128 88 15580 27429
196 168 13529 27122
28 170 1080 1518
110 71 28587 89898
115 187 71326 90644
129 135 34322 88879
60 115 38082 55620
88 136 10084 41759
96 115 7462 55803
124 75 12780 12807
104 155 47797 84159
173 51 3349 4301
102 193 5052 10773
11 182 50429 64156
186 24 29676 63681
105 35 38526 43527
115 46 14845 95413
89 52 61505 62888
61 155 12109 31317
89 31 2518 3888
45 151 15835 17609
21 180 51766 77876
198 196 398 2394
112 12 23862 31186
177 186 5432 49186
42 120 1687 17339
88 45 21243 29835
136 14 43221 54110
42 73 60018 81924
184 7 1306 15089
80 165 85473 90815
130 174 25638 37945
83 132 57339 83622
138 104 664 83995
135 97 1822 49730
151 183 16102 53671
155 111 15081 27604
183 157 74179 79180
14 159 4547 52357
56 107 1396 46735
181 115 31400 94973
172 78 5233 13216
11 51 7448 68788
166 41 18483 54246
55 174 23040 33207
80 146 20327 69224
157 167 9352 16575
3 2 17118 17444
79 102 22074 82131
172 52 25354 29655
31 142 2197 30102
118 32 17322 27844
81 82 63926 73971
166 192 3408 10868
32 183 601 5164
145 106 46313 47849
111 66 4213 8692
92 183 4703 59825
105 172 26122 92396
183 192 2279 53923
17 81 54 74879
65 110 35200 52137
142 60 1360 2791
199 72 87591 91235
146 73 51505 77492
26 153 33068 65232
196 126 50319 62549
185 24 18254 26259
174 105 33069 35035
9 98 204 34207
47 91 19406 26681
197 44 2356 3539
190 106 13511 24279
171 182 26233 33948
77 197 2409 89632
56 191 51936 84183
107 41 4348 58279
153 166 40144 95021
11 154 66720 67833
99 150 11954 12570
54 68 18975 26827
172 175 45470 78182
109 143 90029 90690
34 143 5670 22448
66 182 49973 67359
94 195 683 3493
161 50 10817 18346
20 5 816 1051
62 161 437 24009
128 136 2057 17598
82 168 522 6192
138 176 86310 99114
158 9 36137 75918
44 32 21 1379
196 158 20879 53272
87 33 3752 7265
113 98 42291 87281
147 167 15945 57392
155 11 30202 94336
151 61 24265 52840
87 9 1163 15505
78 140 15840 33558
107 72 37279 67658
93 62 52097 93808
181 166 59097 90367
85 105 8866 91378
130 197 21179 27106
123 140 520 1714
29 69 5678 42808
33 73 8593 12259
13 121 41547 44967
173 59 47469 71660
197 64 5105 29306
47 73 42609 68475
194 130 951 20574
2 196 50189 57291
200 191 77742 96786
109 130 3176 11509
94 96 27329 65932
55 199 38556 71275
59 167 4739 64298
179 142 25780 32501
177 30 241 489
127 25 255 1159
82 171 20878 23049
172 144 35289 63600
101 104 40745 48116
182 145 38730 49823
50 85 110 1072
35 106 80386 89698
159 159 19402 25149
78 149 7107 13510
188 40 11777 27877
160 114 48004 56020
67 17 35609 47046
87 173 57445 71404
127 41 42081 44282
123 9 81080 87248
193 149 7955 52711
94 80 33051 67763
13 44 11691 15301
147 147 79801 81053
5 63 85163 97607
134 93 579 39122
142 33 15588 35230
110 20 41442 67189
166 100 10949 17549
176 125 2350 10649
155 25 19422 29348
8 197 21585 34007
66 71 39984 48567
87 99 17043 38521
182 126 5716 87228
36 119 14833 44039
193 90 33456 82944
76 123 36231 48329
110 149 13904 34755
52 193 8664 67172
91 146 11527 55859
25 59 30190 70508
91 1 67895 76968
42 31 2299 5873
62 168 51197 58111
78 116 3342 4862
23 108 61224 99338
139 38 2439 3511
33 6 3426 18492
160 116 29489 90255
164 95 47627 64444
80 73 15355 49791
199 158 17157 49946
99 3 4474 32370
44 98 40629 77871
137 48 62623 91849
194 138 5458 16286
33 55 19697 32981
173 181 18731 19024
152 37 18860 26552
18 72 17606 76139
123 7 42784 78652
135 101 66574 81630
50 76 37741 68835
4 134 1570 3249
184 88 41191 70984
79 43 37710 63835
136 4 19137 20416
32 10 28746 92981
163 121 27280 63279
86 104 31683 46241
2 172 1735 5915
89 175 5687 29472
193 125 10805 52022
190 12 25503 28943
116 98 3050 16574
166 51 8985 30230
18 194 16836 60217
116 170 6581 13985
190 24 3689 8922
101 89 47673 63865
64 87 19603 20177
161 190 4367 51860
190 61 102 337
80 74 6555 6586
111 17 10194 58022
161 72 4742 14582
117 128 3820 48192
55 130 2301 60562
111 150 18741 40724
128 110 20182 28143
4 157 5409 21081
133 83 2405 64834
30 4 77268 95451
151 92 33190 34608
124 135 9724 29387
72 90 67478 83334
130 45 44880 65005
113 71 114 7927
8 95 18018 22699
130 4 24290 40550
13 91 36520 76601
180 132 48183 77000
53 81 21979 36134
167 109 11081 52990
167 199 33958 49202
34 92 10669 39798
12 50 12226 51181
162 107 12140 17878
103 195 34508 54549
151 6 1520 12438
93 48 14727 59235
86 148 36311 71585
36 160 28466 29928
141 8 11601 32700
137 70 16398 50197
173 86 3040 92511
45 97 1248 22275
181 185 12071 40216
45 137 11356 40449
33 148 3228 8737
69 43 1238 1512
14 164 46158 47074
88 133 36065 99392
130 84 23975 86202
95 15 3165 3715
101 114 44004 89193
183 75 7034 24076
45 174 36837 39883
77 192 14469 49842
27 137 35111 45812
146 85 7316 61697
69 1 15383 40076
147 130 33777 78210
4 8 14240 18056
59 163 9827 43116
123 160 6078 65201
182 31 400 1340
167 105 10221 74026
50 151 22575 28414
24 118 4089 7379
175 19 42398 87771
149 97 14296 28938
122 94 16497 31827
117 4 39757 67723
163 109 12293 15510
62 45 8578 19597
76 61 4270 5179
135 72 21613 29500
126 28 75224 84635
8 94 22772 53651
19 95 18222 35188
88 17 253 4339
196 171 87794 99498
81 113 12265 38102
98 97 18960 98804
13 103 213 1687
16 141 25451 34281
126 113 11309 55230
27 91 38730 49894
29 54 1772 68045
142 12 53274 78322
54 89 12852 12998
188 74 34006 65222
58 102 16910 19967
74 3 1714 53181
42 109 44576 58143
88 75 1971 46988
26 30 261 1229
77 95 55864 81913
198 181 51327 73434
96 159 16084 28855
67 87 17856 28580
123 196 31277 90864
125 120 10113 67919
69 77 56783 57993
154 112 27312 44824
146 121 60430 74768
37 175 24136 65092
186 50 38023 66692
75 151 18504 47255
128 97 43026 70267
87 160 2675 15713
142 178 29809 49708
88 107 9077 30532
181 198 61219 93501
186 132 7045 90714
128 78 23540 24151
174 61 22395 28133
66 181 13347 26755
111 171 23704 24744
156 61 10779 10929
38 121 12565 38588
114 156 24638 39442
128 66 375 14281
65 124 3020 5303
86 71 68952 72509
127 101 1428 30583
199 76 6585 84302
27 112 4282 4950
6 125 2975 14205
76 104 65608 89724
64 175 33349 50581
58 103 49912 61568
79 60 3085 39548
36 103 36403 54836
46 148 24913 46262
192 157 10320 40132
158 193 12473 27327
195 170 1621 85887
69 111 4562 40500
45 123 30561 52473
138 188 2061 2988
116 150 1892 14685
11 124 9897 57946
183 10 57 53858
191 160 9336 10327
83 81 22725 78380
40 124 54564 67675
136 107 9135 42637
79 62 5849 94476
83 26 31339 32994
37 89 5663 26168
102 5 25111 81188
33 20 7741 11364
88 79 11297 33649
168 28 13800 27250
129 192 6065 16164
44 109 70991 85362
102 118 44420 86784
6 8 15830 36810
91 4 94807 96954
138 141 11749 90515
120 169 15154 33864
26 105 7852 23011
27 47 20144 23816
181 12 44973 92127
170 96 71620 76003
185 173 41065 49007
12 81 14458 52391
83 125 49872 50560
91 122 19067 28913
86 15 39522 61203
84 95 27391 63206
144 196 72909 79509
183 98 1811 4612
146 14 52389 86235
68 4 2054 7293
113 184 52290 99101
23 59 21537 61096
85 7 316 1817
71 193 85114 88503
24 172 7020 20013
121 113 20216 72855
108 108 37288 56552
44 55 16763 20115
140 182 12298 27749
172 120 19393 19981
29 163 29754 51277
22 113 28646 68126
71 73 28603 51763
119 42 83098 97274
136 121 42753 59286
5 42 53816 80792
179 183 86481 92054
80 134 16521 33331
18 77 52571 70220
106 157 82342 92095
198 192 16965 43525
87 58 7179 60182
48 41 76266 82031
111 20 1272 29536
53 197 20077 51822
47 30 31691 51679
166 197 8496 12994
146 68 9501 14120
191 58 33941 46852
16 105 21874 77180
46 120 15899 16236
152 136 7635 26645
59 114 16954 78764
151 54 4616 12817
61 122 7205 84788
112 9 19189 25185
58 17 47161 79976
4 30 26358 90834
12 72 36227 53320
35 28 9965 12538
71 126 1054 1664
24 35 37011 58250
195 144 23517 57210
139 182 34597 61172
60 164 34106 85717
63 2 2687 45257
176 3 45484 84463
118 194 42179 47450
178 99 24530 42242
160 192 8390 21388
67 122 13778 27636
39 26 48427 56899
77 193 25062 46567
103 116 62552 64989
7 35 66062 98644
120 29 7482 11771
101 93 49790 88872
141 163 5354 67876
175 187 61768 70247
128 16 12391 47335
17 120 66170 91636
108 139 30017 38495
115 100 17924 38330
112 36 51077 59512
136 187 19697 19966
70 34 17751 55291
65 200 16467 42298
18 28 27350 66991
59 140 22278 27140
78 173 29301 50329
132 128 4633 47988
180 81 11594 13766
170 79 18239 19863
119 46 15555 39802
145 171 39632 96634
160 193 29928 43715
75 40 633 66262
61 105 6485 22555
148 112 38673 64708
29 81 32799 79237
68 73 4827 68059
47 156 17242 53817
84 78 14126 45924
97 115 13203 52071
199 171 29526 56265
151 184 17375 47528
117 50 54086 78608
28 172 2180 26817
112 120 8751 79383
25 116 28405 43462
154 45 4145 17006
194 50 33753 80619
74 189 25147 48999
183 87 29478 76038
177 153 11118 23480
69 116 16752 70384
179 154 16950 25607
53 31 14050 69108
41 199 9236 25276
134 33 1006 7755
112 73 40931 92197
70 74 59766 92149
90 143 4607 49442
92 166 48278 76378
154 177 6759 55383
126 70 9339 22580
13 74 13536 24134
150 106 1981 41286
148 89 29170 33575
133 7 78476 99721
181 48 65088 69203
46 91 14584 31816
81 36 1154 4762
22 162 15746 23699
144 79 71933 83893
69 185 5368 37064
15 179 16592 37081
108 57 68686 69719
54 161 6893 47762
117 42 16725 66714
21 80 42904 65012
83 97 35460 80112
160 142 12501 31048
33 88 17382 18809
25 161 71150 85253
61 102 41057 66276
33 86 43106 95628
176 165 840 2892
168 142 20926 48891
59 141 3545 15869
61 144 54876 95068
83 15 23674 40109
27 47 1664 21344
17 96 32270 55983
91 161 1750 4819
44 41 10855 59838
198 108 36730 56169
121 28 40060 96622
145 25 6093 56551
196 31 14723 26400
72 193 4547 18384
32 185 183 448
96 186 28820 72708
109 145 85465 86143
124 146 60820 92530
30 189 80327 90353
194 165 12345 65940
97 98 11809 15769
194 115 2905 33999
106 175 1795 13243
160 66 3833 11082
94 26 14105 94115
30 62 41246 52553
9 170 1053 8353
80 8 59468 80464
135 169 17669 52341
114 92 12441 17580
50 50 26510 53723
112 185 34143 46784
92 28 1614 2757
74 110 33344 37259
154 73 4783 6372
166 2 15953 78960
57 188 54339 95656
85 65 30629 42394
171 129 10727 87244
160 176 28527 40316
118 58 21300 39485
124 86 771 14684
129 187 5395 24538
130 181 16484 74296
14 119 21250 84067
120 19 36116 87774
19 88 17764 66448
130 127 9069 16555
146 39 51845 65998
127 68 31521 32692
131 100 6038 6992
105 169 18237 28958
114 47 22977 23221
8 111 13027 26926
101 56 3384 37491
149 197 8022 9329
25 106 8325 10486
131 153 65708 67951
86 187 29471 44039
76 86 1888 37750
154 33 31886 79257
198 75 67967 73058
115 64 2464 49976
69 18 26238 47996
189 30 25145 57647
21 65 464 18770
168 116 15818 93606
26 68 42444 88028
159 39 17164 59215
190 51 637 1699
147 166 57874 83094
20 191 54103 90699
45 171 39299 51916
100 127 33345 53109
55 187 783 3574
160 163 25818 93656
174 134 7365 78078
115 16 24231 28435
115 107 71179 73546
107 68 22817 31565
61 54 58950 62246
157 21 27964 96155
177 43 33828 40493
198 173 39 170
170 120 41191 47278
117 69 12714 21979
11 88 12112 38700
60 190 6018 8251
4 188 716 985
193 170 5471 21409
184 175 52268 76834
165 111 7552 26386
144 68 10223 13279
162 55 8558 13619
86 179 44613 53293
196 17 34062 39954
13 104 26238 87167
87 139 56853 77416
18 77 51537 97858
186 51 30333 86706
114 11 50393 65624
15 66 63002 95203
25 160 26763 51853
8 177 20716 31200
40 74 27384 29900
86 80 9173 34069
81 88 72233 84147
121 186 7148 45399
104 8 3317 11815
20 90 59534 82577
183 7 968 74372
3 150 860 28906
38 102 8132 13281
49 83 6292 25033
107 89 5476 7054
10 33 14057 15220
166 24 18959 79050
176 62 8581 32043
62 180 48834 69980
3 13 32034 40462
137 24 3730 26357
57 75 35227 88847
180 49 46145 99479
125 152 164 1121
174 48 3478 65612
58 129 6385 99520
108 152 31396 56309
107 13 18214 73476
95 39 12493 38146
6 110 2937 73793
128 76 1858 37201
130 69 16871 97224
21 146 36995 50934
124 196 15247 38855
97 80 16148 74620
123 158 6869 42357
117 64 14600 83418
35 37 5750 7397
1 129 6372 84552
33 28 45339 84501
138 198 414 4961
108 173 16111 74556
94 9 409 11285
136 194 1882 24296
74 186 681 2354
54 8 13431 16658
6 71 17628 69636
13 156 1296 1578
75 58 33030 96492
105 146 2678 82246
23 42 35675 78756
145 59 29644 37409
134 152 2729 3894
91 8 26783 94051
119 67 809 2609
198 143 37327 90079
2 12 47295 80823
93 48 28936 30162
165 77 1148 23127
74 127 64542 71609
66 25 51372 66742
158 55 12788 16362
146 45 2177 44282
16 42 71413 79068
43 83 76636 99937
159 174 6524 12952
191 27 2198 23029
160 10 82794 98279
21 101 57824 74232
14 50 31442 83932
5 198 7757 33673
167 21 27322 31971
141 154 3573 84461
129 131 12397 75531
177 148 13641 54727
180 174 26491 40069
187 197 60295 96669
14 145 56097 85418
56 185 12255 50998
197 17 37785 38746
69 88 42839 87409
98 14 11567 29328
197 13 21639 58378
176 173 82056 89287
158 186 3087 72472
129 112 670 819
106 100 8615 10343
179 102 53836 60631
144 68 65297 99799
165 62 5152 45022
181 200 15298 17558
14 170 30969 72109
138 175 178 3826
28 145 13588 87496
96 74 1271 2382
122 103 2015 29219
72 17 2360 16002
30 94 113 37343
64 147 3482 4781
49 195 207 25550
108 32 2174 12904
9 188 48813 58847
177 103 15787 41106
109 54 7487 28278
57 86 24348 65995
160 142 1576 98072
190 173 574 12958
198 119 1426 9804
154 159 17802 41517
55 166 22457 81153
200 142 51514 98384
98 161 19658 19776
55 12 11128 37974
59 88 13860 36931
78 5 78869 95509
174 14 9256 79123
65 125 48080 65337
121 174 23240 50524
182 34 31945 89670
20 33 8867 24117
75 36 8606 14785
64 143 3582 26111
53 32 20102 29248
124 156 2697 57417
189 2 20402 34118
2 98 38222 72189
84 26 5982 71022
194 172 29858 76991
57 119 66111 83801
183 92 7724 84342
39 27 11065 16634
173 159 26014 96201
95 38 57653 64223
40 111 54473 88916
62 50 14933 16582
113 28 20186 34262
158 100 86660 91815
44 128 12868 81066
105 75 24225 96545
58 166 61282 66946
60 20 25634 50925
90 152 14224 51140
103 156 80720 82073
37 55 66000 90622
76 158 49122 56733
146 63 327 348
55 21 2271 74138
42 128 13851 22358
176 90 19069 67378
165 55 416 65333
35 185 16059 31720
91 50 49023 86017
47 53 28641 97145
154 113 47181 61835
143 182 44429 89964
173 30 3925 78754
8 183 15998 19340
189 132 42030 78828
175 14 32507 50710
119 148 8158 16696
43 121 9671 27637
82 72 18287 72562
46 3 35211 92385
25 200 30711 46816
175 127 17843 88247
123 60 454 44514
97 19 8427 16304
125 146 17603 48355
124 20 10048 22751
143 44 81591 89591
96 19 37775 48671
105 93 2737 5579
189 159 76602 87323
131 56 52427 79794
138 74 5653 59372
158 84 46480 80932
156 50 2681 98391
29 111 20579 38502
152 7 81160 85874
151 41 3472 50775
183 149 15363 25539
118 42 44401 70355
90 49 35010 85986
120 47 10752 18580
94 174 75164 79357
126 155 1663 16108
109 82 13790 22711
176 189 19231 28539
10 173 18414 42195
192 160 50428 67100
13 144 37992 53320
84 67 19428 46647
182 109 6386 64027
67 104 18758 56367
27 189 4991 10006
116 22 39362 92152
120 91 35104 46135
135 31 43214 88411
84 36 3982 4834
56 127 28536 40893
59 130 38902 77199
173 144 30368 34417
40 61 21590 24604
34 131 32745 83740
37 152 42424 92258
128 92 1635 15022
172 74 35924 42051
161 55 4904 28419
199 16 60320 61713
186 99 4780 9432
27 64 8331 19762
171 154 9644 12008
180 102 1232 10655
22 83 25498 66503
81 155 6276 38067
118 68 3428 3888
89 165 66 159
57 123 31923 72774
7 163 47368 80302
8 144 1099 77781
101 25 384 78480
188 145 23210 23531
21 174 55750 71658
103 135 96621 98108
32 1 6929 21146
171 189 64877 70052
88 105 27658 30387
3 94 27925 73669
94 161 18104 64442
152 93 37106 97349
70 84 14837 65573
165 7 9815 24927
137 27 21656 32048
125 14 3635 71085
87 33 32122 42718
57 179 48897 65951
57 119 11502 22429
28 24 9741 30517
196 27 4558 5667
156 166 29482 79505
32 183 26297 40208
65 44 133 3541
179 126 4646 6612
157 114 58010 67704
185 163 455 6546
87 123 38530 69305
200 58 1459 1776
51 69 40669 90808
13 105 10233 20776
35 200 70 73
117 42 17898 41636
156 148 419 4019
119 104 59914 98370
168 154 75172 82237
160 163 73671 78617
187 105 32939 99615
125 62 77406 79348
79 109 24566 69005
189 199 49179 51241
176 156 66209 69106
58 178 38215 73262
62 157 25864 75680
80 16 62188 70257
13 162 338 3177
98 153 32152 63367
43 91 692 21342
106 165 16902 29950
124 91 66 5652
90 45 4632 34128
134 73 1812 15648
107 7 5593 23676
150 137 2286 51400
87 162 46331 64987
39 98 6423 28179
97 153 28659 38733
36 66 14444 88251
143 177 15447 51963
10 44 4152 15141
11 50 10613 36129
169 134 54914 71448
70 75 9877 33888
138 20 1078 24906
186 104 752 3695
138 30 54648 61065
96 77 1843 6417
36 3 3867 36620
126 149 18835 52432
94 104 7322 8762
103 199 21675 37906
178 135 38209 87846
152 186 33970 53688
149 27 1902 4981
16 154 16332 61006
2 92 26070 83290
125 4 54429 90440
9 17 21042 43181
114 200 11952 14486
68 113 10116 26827
94 187 89512 98302
26 79 6589 13535
85 90 707 37499
37 197 27400 51130
180 61 42754 46623
176 47 2138 7522
75 149 23584 24037
130 61 1066 10787
12 164 7463 44491
150 108 78973 84420
47 16 51093 98579
5 33 56909 76087
28 12 16411 35074
61 21 572 2681
172 81 176 2627
69 196 63371 64191
140 6 18510 50854
71 98 11415 78487
42 189 11100 36752
23 199 68691 81313
88 128 15009 17993
47 105 5415 55358
150 127 46089 84791
184 22 13957 17719
143 73 8533 54492
64 146 1135 24520
10 11 4288 16028
153 186 8760 93047
39 90 42424 70804
176 96 13711 24487
131 19 70808 86919
140 136 8911 44643
146 138 40813 44241
168 94 7210 24786
118 4 21660 34352
155 163 5432 7713
139 148 35625 61442
190 133 7352 40546
160 83 37831 52397
56 133 3445 81400
32 97 9783 43158
189 9 30103 34377
48 133 20636 42246
48 189 62620 72536
158 165 15933 42879
11 23 55197 70107
159 52 5052 24162
32 102 78341 94033
129 149 39438 97371
121 157 4676 34826
25 103 32688 54501
103 39 53739 79649
38 97 33642 96379
149 91 20850 68126
164 117 2134 75562
67 28 56641 97470
181 195 27449 39155
72 200 4167 46849
168 45 25375 29972
106 70 15858 73888
3 55 65966 68728
196 7 15278 27586
114 194 52562 88358
48 138 79780 82926
6 156 43138 72714
40 134 20350 83313
117 32 1263 14350
1 114 26880 45410
108 182 1571 15262
133 62 20338 25693
144 40 20699 47464
37 180 57691 63984
5 151 85536 98325
73 75 2523 6975
183 77 548 11713
28 48 5035 34618
13 108 63859 86875
129 12 56763 91240
44 176 1737 6025
163 134 21300 85718
43 140 7734 13980
154 9 13876 54254
123 38 41068 53268
78 39 554 4012
69 53 6196 37162
97 137 20553 36760
94 68 52123 66094
88 7 71236 73114
127 51 11902 32216
109 148 31386 75110
12 199 40212 65693
38 76 27939 77199
136 173 44228 96858
53 4 29759 53395
62 107 45890 74133
25 115 25073 45679
173 7 43317 66434
32 23 59012 80347
106 96 36655 94718
89 153 20099 85301
66 121 9315 21731
75 157 19145 22673
103 145 21936 95371
127 70 63306 83539
47 165 2258 65966
130 8 39413 60572
25 121 2258 7518
38 79 24804 27527
87 47 15190 58570
195 41 7619 52520
124 131 4740 14414
34 83 39730 55437
60 148 1695 13190
177 72 46932 73655
82 68 12072 21131
22 52 15848 54048
28 98 3216 56781
169 63 657 57187
69 35 48303 52183
37 152 14762 59177
98 50 13665 41176
153 197 22354 75141
28 3 21100 22294
124 39 10055 10448
191 111 663 3487
172 146 13041 28453
160 159 36060 55094
85 45 48149 88381
173 179 76696 81131
148 42 38481 43862
46 7 3555 7949
35 178 7501 13307
58 83 19869 30806
141 30 28755 35081
36 121 16689 25218
196 21 10789 54173
131 108 93682 98580
110 63 32224 49139
115 48 40172 72114
79 23 76693 91822
193 105 7116 22326
97 80 9265 46409
22 109 35599 99595
99 28 14380 32785
183 8 56416 78747
80 81 2578 5728
189 180 42365 86224
44 20 7838 8585
141 115 54104 94088
93 38 5869 20486
66 136 68039 93174
177 7 35642 44483
140 61 43831 74128
107 130 57814 88462
22 85 48167 48724
168 142 13180 17125
75 129 36866 46306
83 5 24798 38306
45 163 2146 67189
110 103 36008 40377
118 58 32039 38184
119 22 8732 11499
158 61 60769 83731
85 131 16004 19894
71 179 47017 99485
34 104 15954 34875
74 48 11213 18132
196 134 34828 57327
149 101 13665 16784
11 120 2471 5414
117 166 22245 34367
49 13 77632 97558
19 11 2592 18098
14 53 25484 82116
1 13 9086 9642
141 16 45355 53876
151 166 29275 69226
16 129 21882 22721
144 147 5144 74986
35 8 42414 63478
72 173 67673 98311
20 91 23313 56522
128 43 70548 86865
87 135 11181 70527
75 152 169 22143
19 166 28907 52229
126 159 56387 85417
28 128 61931 71011
187 199 19374 35795
136 51 6199 46565
90 162 7188 66002
81 193 53314 54206
10 171 6563 12331
93 49 17061 26099
52 29 10505 12303
125 196 4222 19584
177 151 9045 10390
98 116 9286 66221
63 78 15021 45158
138 69 76 261
103 119 34208 53489
98 132 13878 75975
86 196 3839 4567
71 85 7345 35773
150 127 21541 84613
141 102 37870 73201
10 38 50987 85277
61 5 11949 18085
31 187 35834 55537
196 98 41228 69320
145 145 16802 90237
123 82 18392 59311
164 98 45214 71095
65 126 7086 74780
53 3 5117 8467
133 165 24042 82046
41 193 21693 57575
42 122 17844 33171
49 79 8572 23669
176 53 9665 14590
87 147 18841 96767
142 158 749 15638
12 131 11843 65776
116 200 23182 25555
75 79 561 2782
146 52 30068 72898
128 31 2659 4991
82 117 9834 34020
184 55 8565 17993
191 117 6809 8084
96 54 21552 21901
30 128 75415 76313
59 29 9585 68017
148 16 81062 94256
13 137 56521 60336
160 96 47800 55340
19 139 38085 50068
52 133 2831 60667
140 28 64150 86725
48 42 690 34215
9 14 17325 23228
34 88 681 7852
171 82 4277 10487
89 97 4945 79936
63 19 1896 2108
100 123 26407 43636
107 193 65937 90482
58 35 17478 29938
88 6 31681 37638
23 107 50936 58733
32 164 13825 65808
73 14 5221 66694
194 183 6131 51876
65 91 18668 53075
179 117 36035 78953
104 146 28480 42034
85 84 19084 86644
52 10 80617 99784
79 158 23573 41010
134 27 7181 19830
122 14 29442 40828
3 96 38840 56613
72 4 3538 25132
34 182 6024 32419
80 183 41449 75155
82 152 4029 75035
106 80 57841 89661
64 144 1620 1829
169 132 19713 47664
170 109 74892 75868
138 63 19204 28109
89 170 6042 13776
47 43 5587 5631
78 162 49421 54110
82 180 772 4755
180 13 443 12360
163 82 7906 54757
152 155 955 7127
89 182 28142 45867
182 13 30366 82988
80 33 4478 85218
37 139 9091 11619
86 9 46507 81031
126 146 44786 56336
15 39 3775 16233
87 155 1075 5082
102 160 72532 83482
54 113 18748 20082
195 18 34 15074
167 84 40190 68924
35 48 11448 18827
