5000
-9474 4761
-8866 1799
1001 -2776
3305 6812
-6272 -8528
4968 -2951
-1974 8165
5914 9742
-8241 1263
9973 2651
5877 -7804
6655 2354
3618 -5693
-8356 -7605
-1179 2538
322 8260
5520 -8747
-8376 6291
-3106 -6124
5245 6762
4818 1447
404 -4379
7232 7001
-4067 -9486
-3196 8310
-9585 8414
3472 4489
-3006 -7560
5956 -2601
-1479 6884
-714 8914
-9188 6719
8145 5371
196 -7798
985 2903
8943 6773
9452 9005
-8109 -4439
9508 2425
6767 209
3066 3824
-1987 -9818
-732 -5360
7108 -7242
7679 9827
5482 -8559
-7928 8849
7847 -753
1987 -6466
-8108 -3583
671 -4345
-9694 7347
-1711 -6316
-7704 -902
-5667 955
6964 -5472
-5421 9457
962 1193
-3531 9293
1226 4128
-7369 -6789
-172 -8093
3391 9242
-7097 8073
8620 723
-449 -4820
-2125 -650
4348 -6090
-3451 3666
-2409 -2356
-8180 3473
-8176 817
-7980 -5874
-894 -9991
-4186 596
-1864 7883
944 -8556
5817 3025
1504 -1182
-897 9791
-6353 4461
-506 -7010
-8966 4217
5887 756
-3956 -8773
-7644 8946
-3176 3216
-6330 9690
6721 6138
-3838 -662
-132 3129
-1870 7561
1293 3873
8895 5965
-9905 2781
-3596 -8441
4144 -6687
9391 6860
-8392 -3452
5360 -3040
-9718 4578
2644 1345
-510 -1972
-6373 5901
-8545 8170
293 177
-902 -1393
-4037 3760
-6508 -8681
-1814 -5172
5935 9824
7306 -9580
6483 8321
1596 -3319
4240 3275
-1965 14
-5405 -5605
-1718 -7507
3857 -3303
-5037 -6720
-4656 7729
7695 8514
6981 -7924
-1863 3699
5128 5801
3932 1217
-4252 4253
-3067 -6182
4603 8964
8660 -7157
-2201 -1182
1164 -1261
-3366 -8677
-8406 -1175
-7097 -2325
7122 -8250
4601 3300
-5596 -8047
545 -7774
8078 9350
-8499 9452
4027 4001
-7916 -7767
-8119 -4179
-1330 3803
-6504 4548
7232 -9251
894 -3391
8245 3573
1912 3018
-5656 246
-8677 2867
1855 2198
-5111 657
8177 -9498
-4353 2301
295 -2861
3594 -6368
8256 439
6137 5601
6063 -5155
-2994 5256
-2752 -8624
1583 -4690
-3112 -9090
-7143 -7677
3833 -6642
-3276 156
-4924 6811
-319 2807
8281 9740
-5457 -3892
-326 -4430
7437 8946
6895 3421
4954 -1206
-8190 4699
-7623 -1044
586 2606
-543 2349
-5339 -1143
-2704 9354
1597 -6745
1919 -6509
-434 -1784
7088 -1161
2494 -2872
388 -1913
-8886 7870
9 8394
-8798 1486
-6224 -643
-4181 8395
9405 -5628
7043 6861
-4840 4306
-3935 -7190
2241 -9903
-8103 789
-3936 -9010
9535 -1136
-7814 5732
-7548 -7890
5760 -8573
1884 -7126
-9055 -2468
6176 -5411
-3809 -2995
-8562 704
-8961 5540
-210 -6977
1338 497
-4880 -330
3313 -5492
-3951 5515
-195 9408
6397 9127
-4828 -1677
-5234 2130
8744 -7853
-8430 2602
953 -1890
2538 -5952
4235 -3091
-945 8111
-7358 -5217
8112 -8038
169 -8546
-1482 2208
-9917 5968
-4568 -8642
2297 2173
298 -8030
7249 -8649
3200 -2776
1951 6378
7185 -9197
9494 -1054
6983 -9751
2999 -7596
5490 -9109
6186 -6998
1772 -3600
-2294 7694
3671 -1059
-6437 7089
-8285 -3645
3447 3097
-692 533
-6139 7845
5407 -508
587 -2914
-387 -5736
-4358 6525
-8519 -7346
-8632 -1133
3835 4297
9052 600
-9017 -6122
8161 9779
1719 -4896
2941 9795
709 -4276
8604 -4984
-8283 -9678
-9947 -8239
6863 -3047
-7250 7331
3226 6958
747 -6270
-5564 5921
706 3455
-2546 -4612
1274 -7106
4356 -8768
-3118 -5917
1915 -6403
-4722 -1895
-9262 910
-6133 3294
-3877 -5808
-8588 8847
9363 -7715
-3923 395
9549 -5752
7789 -634
8077 -3561
4137 -2227
-4881 728
-8822 8048
1512 5122
2209 4305
-2683 -6615
7153 -216
-1712 -5347
-3318 -9520
-2671 -3488
-1098 -6478
-6928 -4062
-1492 5515
440 -69
898 9213
8631 388
128 6383
-9565 7026
9328 4898
-7145 2064
7089 -9295
8218 -8488
2922 -2141
-4672 141
9755 -5935
8138 1080
-720 334
4073 1437
-5681 5880
-6432 -6662
-432 9882
-5369 -1316
6796 -8901
-3956 7229
46 5191
-6124 -9954
-1369 -6921
4991 7164
-5890 -8865
6761 -974
7427 -11
9804 7275
6692 -2087
-1821 -477
-4647 3173
-9078 -3431
4090 -1326
577 4275
1329 -9020
-7057 -7858
-6038 3828
-541 -5761
-825 6040
-7562 7467
-8369 -16
6828 -7424
-8154 4656
9178 5358
-9192 5477
6593 -5402
1039 2502
8792 -8211
2853 697
-2904 3612
-813 -5538
-8944 3160
8935 1756
-1879 521
-1996 -890
740 -1031
1988 6538
-1776 6154
7944 1750
1815 -3500
592 1159
8776 -7397
3733 8591
7151 -7831
9108 -8702
2688 -9523
3958 -9027
4788 -6897
-9622 1332
2602 3214
5652 -8425
-2098 -9959
-1954 7456
4887 4262
-7316 -549
-6327 -6286
-5394 9106
1627 -5034
9071 7636
4148 7618
-4053 3746
5615 8568
-4899 9142
-7331 -4536
-3819 2576
-1367 -6652
1417 -4898
-2026 7903
1091 -4313
-1691 -281
-8648 -8492
-429 -5317
7096 7451
-7649 -8853
-1055 4074
8105 -7733
-8434 -3187
-6154 8211
-4467 -7397
1040 3638
-9906 131
875 -3459
3480 -1713
-5694 -9664
-2538 -5198
-6113 -4832
2702 2355
-8807 -6141
465 9782
3992 2797
4206 3139
-7116 1208
-1598 5846
7739 4528
-8438 -1118
-4526 -3314
3481 994
-7437 -4946
5060 2622
6804 1071
-4485 5846
-4632 2502
5618 9742
-7201 8223
830 54
9929 -4430
-3909 -4491
1687 -3586
6889 8210
-990 -4731
-7336 1278
-5659 -4925
7288 -2463
3269 -9589
7635 -1377
-5774 -2016
-2698 -4057
5701 5421
7338 -488
-2711 2179
7265 1008
6710 4301
2092 -8621
-9544 1776
-6774 -5900
1614 9156
-5446 -2525
-7985 -2455
-5839 -9517
8359 -2520
7495 -1337
4126 -5848
1260 1304
-1318 -5494
-6696 3429
2811 2593
7776 -7496
-2396 2321
-6747 -8783
-5574 -5373
2566 -8270
1508 2946
5749 2917
-1198 7957
-7353 3405
-486 -4647
-7931 -6136
542 9818
-9312 4574
650 3535
-3294 5514
9721 3919
5311 3233
-7401 -1389
1321 4067
8736 -790
-5533 8701
199 -9101
-9875 -3559
-2316 -2278
607 -5533
7781 -2894
529 5688
9333 6411
-8522 -4243
-8775 -3439
7753 -6823
-5689 8865
-4096 1537
1010 -4568
1917 6174
6672 153
-700 588
8124 -6229
-5274 -271
5079 7405
-9285 -5592
-7862 -3641
1455 8874
6662 -5010
2675 185
6668 -5533
8180 6056
-9687 9962
-4887 -7703
5945 -670
3910 7284
6669 6949
301 -2543
2631 -6947
-9948 1731
-7935 -7039
9761 5169
-8339 -5653
9250 -9038
-7433 -5960
-5350 2773
-3001 -2437
-3578 -6838
5283 -2242
-7075 3759
9617 -1962
-9787 2555
-6822 449
6851 -4159
-4086 -4449
4650 -8510
2452 202
8149 -2414
3091 -3244
-2385 -2363
7531 1820
-7185 -2443
7501 9676
8834 4211
-647 -2927
4256 -1209
9566 8856
3041 3078
-2755 -7998
4200 3120
-8916 1444
-643 4994
5654 9437
5081 4318
-3425 -5420
6490 -8875
-7738 3342
-9289 2575
-9789 -87
-1107 7383
-6673 -2823
2391 -5947
-8861 -6948
572 -567
9177 8251
-7453 -1711
6415 2687
3265 7735
1130 -6258
2067 4554
-6826 -5247
-3257 -2056
-213 8387
-9484 -7275
-3604 648
-9333 1258
1034 -2681
-1051 3740
7365 7158
-165 -1800
1746 5056
-8267 -3911
-6857 6662
154 -6955
-7917 1871
-4250 5706
540 -8851
-7078 -6656
-9376 -1394
3756 -7429
-4755 -2373
-7969 4128
-8980 7953
-4018 -8767
5895 -5255
194 4327
7372 -2106
708 3867
6985 -4309
-3349 -7375
-1961 5878
-8106 -3119
8596 -9107
4822 643
-1624 -5148
1315 -7465
8009 3479
-3249 -9810
-2086 7434
-4585 -3864
8750 4283
-3435 7403
2186 3264
6259 7212
-1399 9923
6394 -6338
3961 -8521
-1432 -524
-9438 -8139
2400 1716
3943 4408
-9061 3259
-2331 -7343
-6531 -9593
-5928 -7609
-1277 -8892
-6147 -5234
2424 -8106
9490 9155
8390 8320
3194 7970
3081 847
-931 -7003
479 5767
2219 -9927
444 7911
5697 6686
2170 -1221
-668 3291
3694 5662
-53 7355
-1322 -2262
-3463 -1752
-1106 -1410
1031 -1470
-3391 2314
-9055 -5572
7773 -9478
-377 7668
5343 -7139
1107 5581
238 5649
7194 9771
-1245 6924
-1141 7658
-9658 -4471
7573 6298
-4204 -9682
3654 1083
8092 -6346
-435 9042
4873 -2880
5633 -3771
-5863 2418
-6022 -199
-3187 1003
3837 1765
2873 -8380
6390 1650
-5029 4994
1534 7922
552 -676
-8293 7769
1314 4195
-4922 2077
9030 8882
8168 2118
-4447 2227
2334 9393
4419 -116
4444 4295
1196 -9116
3470 -5803
-5982 6326
-6663 5127
-7995 -2863
-7648 -1402
2841 73
-382 300
1347 4734
3232 -5120
-9521 7686
4604 -4430
-7122 -2630
-3170 7316
-2307 410
-3184 -7150
-1024 1662
-9591 -8976
9389 4378
199 9311
-7163 6060
-8107 5116
-1474 7941
1356 -4123
-5125 2610
-7306 -135
2621 6055
-8499 -3477
7410 -6265
3266 -7711
3564 -5358
-582 -9649
6477 4331
-1229 8332
-4546 -7676
5284 -9938
-9985 -728
-7006 -8889
3832 -9659
-3329 987
7246 -8395
5132 -3268
370 -6297
4288 6916
4339 -8561
3537 1262
9908 8518
-4642 -4174
5976 -9601
9103 9723
3417 -408
2100 -153
855 7769
-3477 -7494
4398 -388
-8419 -7937
1409 -1864
-2969 -4355
-5453 8316
-8713 3793
-6124 485
6668 5646
-3944 2828
2400 8045
2307 4975
-7198 2898
-5087 602
2427 -2498
4722 1010
-8397 4107
9634 3742
-2868 8519
-2761 -8462
2731 -5489
1892 2809
-4777 -2169
1690 -3906
-1830 7252
3677 -7625
-6652 1239
-3019 4207
-3345 -5210
-901 815
9822 7272
-1325 -7288
-6818 3916
-2406 -8993
6734 -2522
-5996 -8523
4859 7624
-9656 9330
-284 4633
1576 -4242
1149 -9835
3912 -4741
4046 7201
1615 2675
-101 1929
-2197 -7815
5375 -2120
2367 8206
-3247 4306
-9352 -9517
-535 -2159
6589 -7530
-8164 -5093
-604 -9253
-1182 -7492
866 -9336
9273 -9627
-8486 3533
3650 -5183
-2185 -5810
5994 -6032
-5099 5390
3907 -62
3193 9914
-4176 1169
-7392 6351
64 8891
8245 5544
-9935 2523
-6052 -3832
4374 1251
-2996 7905
563 -3944
2298 447
-3707 -4022
144 -6635
-386 -5809
9980 385
6062 5147
-251 -2787
-3330 6141
-8872 -8283
1238 -9191
-9120 9825
-5857 -4962
7828 -1458
-8990 -8125
-9237 -2003
-7922 1987
3114 -8345
-7815 -143
5534 8955
-5282 4122
5413 4678
709 -5226
3783 -4754
-9824 9514
-7518 11
913 -2850
-8125 -6158
6217 -8362
6224 -5600
-4821 9231
8610 2239
6383 3511
-2032 6776
2819 8041
5670 1493
6060 8772
1364 -9935
-2038 8168
9507 -1889
-4327 -948
-3773 8468
-5516 990
-7104 8658
-1100 4856
-5869 -8783
-8042 -2661
-3691 -7316
-2854 8427
1006 -6970
3847 8967
-1365 5399
9900 2339
-4979 -4937
-5726 -4988
3166 -4411
5518 -6985
-3297 6484
3778 -1554
-1923 1651
-7261 -7592
3715 -1321
2245 -5092
-88 8296
2738 3026
7656 -763
-3350 -4898
-3759 -972
6403 -7350
6004 522
-1038 2206
-7205 3315
3298 9215
6298 -2049
6561 -6847
2302 -3414
891 586
-5022 3910
-2403 -9147
5152 -5338
-4549 8608
3460 -8119
-6194 2946
-7492 -4319
5685 -1108
588 -5536
-7076 9899
-3649 -5282
4794 -8201
-1737 -2486
2740 7308
4261 7178
-4353 9954
-4652 1552
-9821 5419
704 5307
-4933 -2296
3748 -3865
8792 4968
5809 6066
8389 799
9274 4684
-2138 -6914
-6324 -3718
-9319 8661
-6948 6215
-8065 2594
696 -6840
3924 1652
3519 -8534
3865 9537
-2036 -9797
8851 -992
3853 -9295
-4883 9763
4179 -165
8024 -779
-3998 -4830
-4206 3308
4136 -8005
100 -6133
683 -692
9638 -8553
5274 -6376
-803 7764
-7931 -8727
-2235 4251
-8951 5881
6985 -1766
5443 7645
7663 -9496
-6650 -4817
2417 -6301
-4824 -6186
966 1320
4438 1940
-257 -1170
-2552 -6548
5677 -9088
-5936 973
9695 -6763
7179 32
-7223 -5138
-8454 7338
-6655 -6773
-8246 -4834
-861 -150
-8529 -1790
5045 4125
-8720 -6884
2052 -4729
4827 -2630
6381 -7725
-6759 -4869
6680 -4240
-9636 -7844
1150 109
5365 -1214
6795 -2291
5251 -3999
6302 3239
710 5288
-5042 -8739
6673 4938
-3577 7511
9949 -8759
2162 6332
-3590 -6432
5042 6924
-5024 -595
-4693 1756
-3996 505
-9603 1390
-121 -1530
-6930 1805
-5400 4084
-8635 -382
-5894 -4561
6866 8662
6736 -8679
-2740 9925
4340 4303
-1678 -5701
-6793 955
-4909 2414
9826 -4714
-4502 9815
-5300 -4201
9888 910
6020 8317
-3723 -543
-562 -6763
9113 -5680
-2485 -3224
-2155 4265
656 5923
1543 2459
249 6180
-5014 -295
-9258 1407
-748 -5075
2659 5098
-3879 -6987
-5290 -6005
-596 6463
-238 -6468
-6490 6205
-9224 -5128
4159 -8283
7197 -3547
9273 4744
5142 8702
7869 -339
5583 -9509
2557 -6679
-516 -2849
2424 -739
5991 -354
9820 -2677
-1976 4233
6917 8918
9875 -8424
5796 4342
4650 -4142
9403 -9067
-8749 -4452
6660 -5239
-4411 3388
8817 -5170
5884 9288
8175 2047
108 8656
-1276 5073
626 -9115
6615 5197
7077 9284
-5234 -5369
-5813 8643
1714 -609
3561 -3177
7664 -3116
-3981 -8000
-6823 -2240
-8831 -367
3976 -7756
-8510 -6208
-4957 3952
-2614 5094
6683 7295
-7673 -3245
-8242 45
-5647 -7791
396 166
5696 7475
-6570 -8883
-7400 2875
-4094 -1803
8607 6501
5275 -2112
9935 8755
-6970 -111
-7482 -6283
4959 5360
-2342 -1740
-159 3417
-9877 7292
-3419 -4543
9393 -5308
8066 7623
-4364 2651
-6125 -6285
-7909 -3759
-5994 6670
-6404 -1313
-5648 -4451
8721 -7116
3182 -4517
76 -1347
-1434 -3983
1281 -9041
92 -4075
-3006 2772
-4640 3549
-2008 -3824
2165 -5026
-883 7215
2701 8901
6934 -9618
3535 5361
5997 -6302
8731 -1460
7790 -6872
-1468 -3356
-1065 7082
-8612 6314
-3102 8843
-4531 -7483
7727 -6865
-6589 -3020
-1318 -6262
680 -5697
8524 6788
9863 8056
-370 -1403
9202 7284
2040 8099
1567 -9536
263 -5211
9325 -4703
909 4754
4069 -948
8802 1179
699 4063
9976 2274
-685 1178
4108 4518
-7840 -5891
-8616 -532
2311 -5440
1766 -6581
-4285 -919
-6625 -1132
8258 7565
-2878 -1124
-6035 1638
-1136 3400
-9852 -499
707 5204
424 -4939
-7521 -8288
2962 -5308
-5727 -3689
-1888 5870
3284 1597
3024 6127
3906 9428
5541 -8219
8295 -8245
-8473 8
642 5284
-857 -7673
-5851 -9312
1695 9184
-9269 2922
-3048 4540
-5271 1853
5029 -9307
-1667 2354
4557 -5212
7011 -2710
-1434 6395
-7129 -1260
-611 7356
-5516 -7301
5202 -3836
9867 5775
-97 -4456
6415 5935
7065 -5702
-6147 -7568
-2960 4744
-7142 -7379
-9615 4721
-8092 8043
-8406 3733
-2294 6662
-6547 152
9303 -8322
-4306 8706
-5686 -3144
-3513 406
-1951 -5838
8891 269
2388 -2137
-2666 -9426
-2786 -2757
-5869 6861
-5739 -1852
7512 -3587
-9893 7253
-9636 -397
-5779 -2168
-8599 8761
8984 6598
-3524 43
3436 -1194
-5782 4849
-5175 2657
-7300 -4870
-3914 -4450
-9606 -8175
8432 -6369
4230 -6529
-9793 9782
-4481 -8068
-3803 8709
7079 7475
-3505 -639
1374 3698
782 8418
5037 3403
7327 362
-738 -5398
4134 815
6472 6066
6106 -2233
9129 7766
409 3279
-2899 5329
6364 5976
-1077 7683
-8602 -2386
9038 1641
-5450 -1626
5104 -1480
-6117 -3708
8002 -7147
4903 -5850
905 8724
-2308 -2863
-7933 1675
-924 -8266
-8152 -3663
1853 5856
1227 7705
9424 6844
-8098 -7035
-1566 -3867
1365 905
1732 876
-6813 -2818
-2107 3777
-5118 -6113
904 -9792
-4626 -5181
5968 3130
5296 8311
-905 -9601
-1447 8951
-4770 5925
2212 9033
703 6424
-610 6487
6334 8446
5601 -3001
-418 -378
7932 2424
-9552 -6580
9134 7803
-9243 3883
-5999 4620
8485 3680
1332 -8885
3353 8182
4065 -7877
2210 -5740
3997 8439
2316 671
-8723 -6164
-9251 6413
7382 5495
-3992 -8633
-6979 -1125
-9474 5722
7565 -6017
-9308 2971
2582 -5726
-3905 -9996
1875 8316
-1556 -4752
-3964 -7150
172 3614
-9062 8149
-612 3973
-8431 440
9987 1573
-6857 -4628
-4923 -1851
-885 8923
917 4415
-8511 2685
-5209 -7356
6722 9145
1635 -4851
495 4284
853 -9761
-9242 2255
-4607 7962
1630 -1576
-5293 -482
4429 -3440
7637 -357
1321 4604
-1637 5108
-2102 -470
7448 -9426
5966 1962
8243 -9445
4855 7910
-973 -643
6095 -9664
3671 9657
6571 1095
7171 7002
-9106 -8844
6837 -1697
-1308 8583
-170 -9598
-945 -1958
1420 4230
3134 9246
-5461 -1540
-1767 4282
-3413 -9582
-3814 9405
-9355 3513
6421 6172
-5224 -9583
-1288 -7284
-424 3315
7277 3966
-2970 -2598
-3428 -3182
1930 -1681
-4851 4153
5596 1936
5580 4267
4819 7613
-8635 -9087
9397 3327
79 -8655
5005 -5772
7813 -9180
-6054 1627
815 -4011
9668 -4264
-8705 2152
6761 -411
-936 -7452
7158 8438
297 -2418
-9615 -3897
3958 -1660
595 -7100
-2729 5075
9011 -7179
-6118 6518
6365 6051
-8636 -7541
6850 2251
9749 9331
6857 5247
5546 -6970
-6749 3155
-6341 6865
860 2187
-9020 4205
974 6110
-6559 5373
1967 -3642
-7917 -4444
-4534 -1369
447 -9280
75 6266
-9162 -3193
-9196 2710
-4785 -5284
-2067 6265
3920 1646
8312 7544
-1237 -8530
-446 3041
9573 4843
2006 -7671
-6158 8587
-2133 6039
7228 -9016
-3394 8780
-4029 -4540
-2886 2349
6878 -3861
-8141 1294
3615 7364
4979 -5891
7029 9811
7884 3912
8651 -1330
-3444 -9780
9998 4986
-9938 1340
-2805 -6687
2668 5706
-6025 -974
5202 -5195
104 -7466
-1969 943
-5952 -2998
2725 -8183
-6005 -130
-3745 8669
9566 -8888
-510 -520
-4865 2278
3196 4002
8771 5071
-5895 587
338 -5548
5845 8020
3399 -5512
8556 4535
-4429 6760
8780 2324
-8670 -6023
3084 -4742
2709 2974
2678 3438
6574 7363
-5153 -358
587 6889
7576 -8107
-7703 2173
5725 -8533
649 407
-5493 -1559
-7216 -4020
1454 8807
-6295 2609
-393 -2670
7205 5645
-1267 -2891
-7005 9945
5499 3459
-8342 -9802
-3129 228
9554 -3701
-7453 2778
-4797 8602
860 -9906
-8618 9790
-336 4508
-5385 9604
-4739 -8744
2188 6274
-524 3291
-721 -5032
6892 5070
-3209 -8062
-8654 1329
-363 3991
6302 1161
-966 -8063
-5118 36
9398 -8903
-5029 -8086
-1861 958
-4374 -4158
-9888 3090
4956 -2530
4130 -7663
-1051 4324
2948 -8241
7500 -5671
1591 6285
-1536 -1524
-876 6744
-4568 -675
-7258 -2146
-7273 -888
9574 -7667
-6658 7634
2366 1610
-2404 -8721
7374 -2229
3121 -5491
1229 594
-2192 -5728
9063 6854
4466 5899
4005 8335
-7800 2728
4267 -2290
-9368 -812
-2310 8439
-9400 282
-1386 -3444
-1527 -9702
-3071 5815
6859 -1386
5702 5731
-834 -8455
4626 -7944
4632 4004
-5571 6609
9123 3350
-7993 5403
-1138 3864
1821 -6067
-3549 -8190
-2534 -8257
5497 461
-1494 -4120
-3744 8150
-9654 9208
-295 -2164
-4533 -9938
-5304 54
2550 -8649
6658 5828
-4247 -2780
8224 6384
6592 -7610
-1994 -80
-6258 9865
3101 -4868
-6646 -822
-9588 9398
2919 -4810
4646 -293
-7588 7969
9356 -1276
7938 -6048
-5069 7833
-8004 -4413
656 -1261
80 307
-304 -4500
-9645 -3197
7557 -3802
6052 -6922
8218 884
-3378 1773
-1017 3017
-6479 3115
-7936 -3749
-6246 8807
-2840 3827
-1361 7597
-93 -7563
-1849 7858
-7672 8902
-3082 81
-9099 9726
-4506 3687
-7106 -6996
-3264 -7641
-5283 -9920
-7702 7259
2253 2905
8907 3481
-5358 -7924
-4022 2589
-8753 -5139
-6507 -1720
-8261 -5891
-5795 8149
238 -5391
-4226 5556
4917 -774
9532 -2875
8773 9878
1000 -110
-7892 531
1411 5609
-2750 7547
4442 -1739
-5857 4033
-625 1816
-9177 8134
-552 7463
8960 4359
5248 1474
-6204 6471
-8948 4206
7314 1909
-3048 -5519
-5858 -8742
-9984 -3254
4713 -703
7419 6346
-8533 -4765
-6111 -3469
5549 5998
8397 -149
3443 9745
8701 1980
566 1319
7158 7180
-5968 -611
3173 -9323
2832 193
-6976 -2912
-7250 -566
-7573 -3742
-3943 5406
6647 531
907 9540
-1691 7494
-1858 -3705
-8824 -6006
-3017 -189
1991 -9635
-7455 8047
9442 1832
-2667 1511
5164 8827
-3787 5556
4471 4741
6520 9082
-1458 8687
7583 1151
-869 -1706
-5018 1875
-8791 -348
-1033 -5376
-1437 3146
-9992 -8945
9147 572
1412 3028
-4920 -7799
5751 -3144
-1690 1525
-4381 6881
2337 6517
7424 -5504
-7316 3878
-1183 -2826
1707 -7190
4033 4036
3794 7680
7899 -4402
4516 5535
4121 3594
-4003 -9874
7525 2795
-6741 9379
5691 1285
-4969 6487
-8833 -8132
-1950 6339
-8693 -3506
4586 -8423
-5311 4377
-9300 -192
-6305 8650
4579 -7379
-3024 2595
-4946 1979
-7042 3272
-7952 1320
-2842 -8793
-7247 7339
9508 -2463
9058 -5547
-5843 -7495
-1026 -7837
1020 -8776
-3765 -2147
7012 7035
6720 -113
7428 -2278
-9951 4385
-2312 -8939
-6843 8404
9516 -163
1017 -4004
6251 860
-4387 -1035
9142 -30
7308 579
-6703 -7475
-7431 -86
-2953 -1356
-8588 1062
-4179 2480
7308 3656
-7884 -2553
-3025 -7858
8888 -2473
4941 1054
2694 3132
8475 -8129
-1670 -7906
-3213 307
-7338 -8806
-8 1941
7982 4330
983 6443
-800 52
6089 264
-542 2124
1685 3329
8308 -9945
-3406 9737
-3692 -5571
3530 -1748
-2160 -9926
5051 -8860
-3211 4129
-5001 -2277
-3513 -9827
-9333 6366
7626 -4666
7900 4539
6748 -916
5165 -4105
2629 -6365
-4899 -147
8935 2860
-4018 -186
1744 7003
1632 -6894
974 4234
8508 6977
4194 153
2381 1345
-6771 -608
-1016 84
8039 5524
-7828 5197
7726 7985
5604 6534
-4901 2570
-4566 9185
2673 -7414
-2362 378
-5201 5158
-1965 -6427
-2171 -2975
-9438 7721
6755 -2757
8889 5080
4268 5495
-5677 -6006
3049 5256
2763 -3595
6810 -2537
-6925 -2069
1064 2452
9246 6000
2134 6902
2622 887
8886 4592
103 -1000
-8712 7027
-1069 9903
-8772 4826
3711 5780
-8279 -8426
-8814 -7597
5750 -8298
-8579 -7160
5893 -6414
8638 4473
-4496 2420
1983 8303
-5061 -2556
-8101 8081
-3991 2895
-1567 5791
9867 915
2225 -9143
1715 682
7811 -3894
-4986 -4240
999 7684
1456 -3662
-9690 -6983
1458 3669
7176 -6141
3926 -9248
5743 4881
-5917 8424
-8767 -2306
2284 -5930
2915 4143
-3518 -9354
-8032 -2679
8746 895
8873 -8851
-4086 -5958
3798 8210
6652 3793
74 7357
-8987 2037
-1419 -3074
-5377 -4181
-8684 2026
9426 7541
-5709 -7759
9538 -3847
-5390 -3396
6370 -5872
-3483 -2715
-7258 3821
-8843 5106
-8074 4103
9028 -7665
3166 1861
-4434 6407
1730 8294
4330 671
8783 -6134
-5040 7439
-5171 -2112
9301 -6115
-6127 4556
2674 408
1774 -9740
3043 655
-3637 -1176
9387 3468
3568 -4852
-3660 -816
7642 -4540
7540 -21
4622 1947
331 -8168
6762 1519
-5143 2579
5463 -4068
-3379 -392
3131 3907
2503 9881
6603 -649
9535 3036
157 -1915
6735 9039
-2821 -8675
-1909 3721
-365 2689
129 -3554
-9204 7657
-2821 -7138
-5900 4176
674 -4150
-7340 -4226
-964 9684
-6779 3859
822 723
-2149 1549
3100 9280
8863 -3050
-8571 6992
-1925 -4018
77 -4082
-273 2256
-6662 243
-4864 -1405
-2497 4805
-5488 -3585
-9218 -3063
7049 -2150
2856 359
-2318 -6609
-8959 3545
-1116 7817
2879 -1617
1142 881
2865 7394
-747 9266
2205 -4974
4368 997
1441 5887
7471 -7554
-2118 6081
9923 -1710
2723 -4380
2872 -3517
-6379 643
3528 4490
8269 6463
-3351 -5536
5484 -2787
2662 4585
1752 -7686
-8756 1150
-8129 -8277
3451 -3595
3579 2901
7644 -7442
-1071 7365
-3343 -3652
-3276 -5554
8839 6479
6247 605
7625 1626
5535 -2118
4527 6566
4230 8285
-4685 -366
4348 -7029
356 -5723
4568 5228
7443 -7790
6605 4553
651 1863
8999 7911
-7810 -8526
1525 475
1914 -4145
-8448 7433
6522 7890
2361 221
-1960 -4114
9138 -4571
-1151 5089
4386 9833
2529 5756
4492 -760
2526 -5870
9305 -5200
-9728 -3460
3233 -6758
-9235 -8538
2441 1695
-8717 8570
2759 -3365
8703 9639
9153 -8995
3626 -8787
9651 -1785
3219 -7864
6383 -4663
-3480 -6633
8734 -5260
4606 -6616
7941 -2850
-8992 -5919
9059 8881
4291 8525
-4746 -1009
1624 -6750
-7170 -8985
9339 6859
2041 4077
-5271 3319
1901 -1383
-6642 -6499
-2555 -5858
3644 -2935
-3118 5125
-4328 -9624
-9677 -27
7566 -5940
-9328 -8063
1028 3420
-4833 8191
8428 -5252
-9975 9249
-5229 7572
8135 8993
2711 -4961
-6842 -5331
-2634 1458
1417 -1155
4961 8551
686 4685
8207 9670
9577 7387
-3698 7631
-148 -6817
4148 -5498
4296 6722
-204 2651
9709 2364
-6868 661
-6067 8782
9818 9498
3647 2840
5359 -3971
4352 -6087
-388 8837
-4653 -6111
-6167 2550
-8279 -8012
5029 -9185
476 -1251
-4617 703
8693 1292
4882 -1164
-8339 8878
9160 -3743
-1263 6823
-3179 7228
1790 -9073
-1092 1777
-1460 -2906
-3056 4822
-3576 5301
-7416 -8307
-7879 5859
5845 -2673
-8061 7856
7600 5659
-566 178
7052 -1541
-818 -2295
8939 -4369
9333 -735
-1875 -2216
-4953 -348
5731 7619
-3885 3513
2497 2927
5646 6301
6545 3421
347 6268
2564 7892
-8186 -9844
9764 -4114
6891 -761
-1850 -4605
5332 -8253
-7653 1328
3327 9391
-1019 3779
-9346 5740
-9498 7813
4855 -9115
-333 5380
9516 6093
3176 9372
6485 5044
342 -6174
1065 4517
-8233 7405
828 -7457
1122 1121
1090 -882
6362 -3303
-9774 -7067
-5375 -7760
-8283 8283
-1911 4205
-1026 -8929
-309 -1848
-348 3160
-6191 3037
-4022 -3842
-8339 5900
-4337 1071
-7539 4523
3681 9551
1062 2633
1597 1407
-6611 -8801
6449 -200
5989 9333
-3837 -3548
3858 -4819
-2358 4506
-9044 -3984
-8678 2420
5615 -8876
4029 1710
8175 5031
8189 -706
2153 -229
2494 2186
8245 -786
1480 -6646
-5096 628
-6366 -3941
-651 4035
-3558 -3011
-7261 5755
-7039 -9846
9466 -752
-5325 -3532
-2201 -203
7732 1529
-7457 1767
6646 -1595
-6159 4243
6615 4005
-1357 3653
6503 4835
4830 -3346
1800 9379
7830 849
9262 -4263
-7327 6250
-7034 9156
-9734 7579
-1390 -8885
2077 -2379
1266 -8013
-222 4767
-7681 -7142
-2169 2726
2288 -2509
-2619 2434
-5696 -194
-123 7616
1223 259
4139 -4079
7972 8011
-3184 -7890
5020 475
-8914 2022
9244 7726
3861 4198
7067 -6034
-5061 -8956
7675 -8913
8879 -9943
2190 7912
8718 7544
500 -561
6895 5118
-9885 495
-8359 7608
3200 3017
-3532 1372
-3991 -9884
-6691 -1467
-8043 -4750
2195 -2594
6419 -9951
5742 -9526
-2225 -2406
-5169 -306
2675 3545
-7374 1852
8490 7498
-5375 -3651
1823 2588
6530 -4007
9669 741
-879 -8506
5744 6930
-3224 -3157
7904 -2711
4986 -8272
-3043 -9155
703 -7932
-7330 5453
8713 6090
-5916 9626
-8458 -2142
4611 -5374
5982 -5105
-8383 -8770
-3412 4010
-4137 4788
-2774 -4382
6101 2938
-7819 -6163
-5759 1576
6639 -1168
-4993 -4040
-3341 999
-5747 -547
-8605 1170
6181 -7555
-8995 2845
4166 -659
140 -822
-2548 -8985
-8965 7644
-7301 7562
9380 1826
2555 239
-9177 4799
4221 8131
2742 -2510
1180 7750
-6291 4551
319 -4802
1343 8249
-645 -4712
1291 -830
-6123 637
685 2080
5732 -1875
3313 9510
-619 571
-4125 6428
6984 -8507
6402 -8908
9112 -3826
-1902 203
3640 8889
3057 3415
7801 3300
9537 -4525
-120 -2785
5764 5412
3316 5543
8166 -6393
-1523 -2716
-2316 6906
-4312 -1157
3018 8356
-7265 1457
-5686 -2527
-8939 9725
8169 5517
855 -7385
6051 -8084
7678 9539
8655 -4108
2961 5573
-9779 7384
3592 -6304
7643 -7021
-1941 -961
6983 -5811
2393 -7650
8991 8524
4612 -1306
-668 8537
3065 -1693
-7907 3534
-3395 4068
-4824 5338
-8237 5647
-8821 3249
8891 -1474
7881 -4718
2420 2394
8048 1046
4290 -8494
-402 -5774
-6613 600
4132 -2391
5723 -4616
4307 7634
5415 7286
-6413 -5727
3662 7139
707 9012
5756 -4068
-1990 3612
-4088 -5857
1980 -5530
-6371 1258
9256 -1627
-9034 1362
-6034 -6786
-285 -7652
-5602 5136
6536 8252
-5317 2078
-8860 -344
-2929 6522
-402 -6760
-9736 -3729
-4068 3709
1536 -6325
8222 2203
-7062 519
-2361 -8860
-2808 -8939
7467 -5038
-4886 -2715
8964 1312
4785 -4908
1615 4070
-8799 9073
-3149 175
-1035 -3155
2210 -8072
-7732 9919
-1417 872
-2559 -1615
-4865 678
-4168 586
-5387 5340
-7692 2232
-9370 -602
-8698 5178
-3565 3351
-6784 -7960
5044 8040
5704 6048
6361 -9059
-3896 -5522
9900 -5609
-4062 5399
2962 8079
5312 802
1745 7765
-2839 -6366
2923 9542
-6736 -7100
3561 -5245
7303 8242
-909 7764
-4783 -2590
-2949 -8776
3380 -1825
-2183 263
1901 -4430
-335 2439
7774 6540
-3023 -7321
2 -5070
-5610 5756
-95 645
6895 2293
-7905 -5844
1209 8061
-5745 -6207
4809 4652
2822 5206
-8792 -2678
-1078 1122
3608 -4318
1512 -9525
4757 3070
-7996 -7951
1111 -2747
-4565 8885
-9676 2350
709 2724
-6622 -7553
4711 1445
-1030 7494
-7612 -2566
-1000 -9965
-444 854
127 -9743
-2644 4636
-679 -9728
-8771 -8657
8060 6768
-3431 -5413
-4215 475
4447 9279
-1330 -8897
6296 -9034
6666 7958
-1718 1793
1008 -5228
-2390 -2894
-6171 -3907
-6578 1111
-7452 -6175
8800 9602
5345 4054
7567 49
-4853 3951
4832 -226
-2934 -4226
-3390 8645
-9145 -3517
-1762 6221
-341 -2000
-4275 -7563
2432 -581
2851 5149
212 2814
5962 9934
-9189 8623
-3062 -6905
6708 9495
4355 -7227
6692 -7406
-5283 1294
-1473 4194
4919 5018
7877 3599
4380 -2338
-9592 -4385
-6445 -426
-5172 2286
8693 206
-3000 -6998
2842 -6482
7017 9966
-7636 -256
1909 -5991
6813 -2369
-7668 3978
3573 3230
-9493 -4005
4931 -974
-4725 -3817
-3276 -4964
-3066 -4552
-6942 4855
-7047 -6335
-9500 -8262
8357 8565
6051 5899
-5968 -429
6956 -6207
8104 -7921
4449 -1868
-8696 -499
-5078 -8669
-5293 9980
9930 5025
5756 1005
5036 5116
-824 2959
4956 6604
8300 -8535
2258 725
5616 2995
-8727 -8039
-2923 -15
-3379 -4419
-4590 -7636
-4461 -8682
3450 2095
9187 7728
1466 1691
2320 -9317
4126 4200
-8504 1842
4627 9528
-7194 1481
-6873 -487
5861 274
-6323 9720
-7729 -4660
5564 -2628
-3852 -6679
-2569 -5434
5014 6459
-2040 -3197
-5471 9178
8037 7435
8344 6836
7156 -7751
-694 2546
-9717 -8121
4356 4514
2064 5926
9920 -282
-3521 -2665
-357 3993
9162 -247
-1341 8473
5498 -4145
-9841 7478
8948 7869
5194 6997
-585 2591
-3801 -3135
9282 -9706
-1416 -9553
4498 -2608
-3655 -5012
7945 3363
-9625 4837
5130 -2682
-8145 5938
-7647 -53
5409 -5599
-2624 -9411
-5566 3099
4995 -5966
-5439 1332
6517 6829
1121 -3788
-9332 -9485
-971 -5699
5295 903
8907 6233
632 3940
4159 -7358
3348 -6921
8080 8205
7686 -6025
2063 -3948
4140 6882
8979 -4546
5530 2101
6634 9965
8803 8871
1162 6019
150 7010
-3770 -2158
2212 224
6236 3039
-1825 -322
-9686 -8654
-2690 -385
-3039 5949
-5186 7808
1554 2918
-4829 -5293
485 1683
2236 7898
2249 5905
-5756 -7230
5478 -1215
-3228 -6534
-787 4608
-107 -7794
-2191 -687
-7964 -9692
-3249 -6999
-2577 -4558
-3896 1942
-1781 3226
-8337 6541
-4088 -5500
-9602 3183
-3764 8214
-1821 5879
-5444 -7086
-3176 5314
8218 -7284
-4592 3516
-57 -3417
5741 1603
8169 2027
-5553 -1382
-4568 3364
9511 3660
1683 -4326
7401 7771
96 -2839
4000 -4860
3952 -5411
-805 9489
-9392 1355
-9787 -2661
-1348 -7250
371 6041
4510 2237
5526 9225
-5132 6438
-816 6906
-3024 3529
1027 8852
-2216 5683
9893 -6012
-3506 4694
144 5480
-4790 9153
-9675 -1676
-5148 225
7665 -3042
7918 1908
-4136 -4788
-5635 -9691
-7090 7416
-4344 -7799
6133 -9924
-4984 -1163
-6848 -5888
-448 7834
-2651 9726
1079 -5058
1553 6798
-3744 3960
-5226 -6957
-8773 -7992
-9120 -7423
-5132 5105
7301 -2967
-2104 5139
-8678 4514
-9304 -1367
-9790 2198
2359 -1828
3617 1126
-9202 578
655 -997
5598 5079
-1399 6890
-5803 2486
4737 1219
-7911 -6988
-2699 -7401
-4430 -871
-6947 3715
5541 3932
9214 3933
-4038 5785
2812 2041
-5889 2930
7212 377
4133 6176
-3417 -2449
-1272 8372
-2694 4976
9997 4622
5178 6936
-5629 4696
-2251 -1549
9292 5441
548 -9713
-6763 -5742
-7587 1916
3745 -946
-155 -2468
-3484 -3222
8323 7117
8491 -2842
207 -8784
-1767 7816
-1079 -6315
5483 2772
-5850 9253
-3459 -2614
-4444 -4884
-9690 -1604
-2241 -9695
-5026 8393
-899 -7085
-2847 -9605
-1020 6449
7499 7770
2251 -5194
7970 -1813
3885 592
-7948 -2360
218 3211
4565 5341
-2169 -3105
7370 -4644
102 -2413
9252 3550
2417 3052
8004 87
-1024 630
9725 -7819
634 621
-3592 6516
5352 9864
1136 3616
-4444 6435
6749 -9271
5232 -8760
-8018 5660
-5052 -6182
-9905 1604
7263 3901
5803 -4708
1214 -3803
-1910 -3601
2219 -3207
-8389 -6930
-8851 -4573
6286 238
3133 2136
2584 6811
-7336 -9633
1369 1213
-7696 -8737
-4678 -7098
3070 2633
271 5876
-334 5727
9053 -4759
-2453 3711
6485 -8155
9122 7377
990 -6051
-6656 -855
-1007 4762
-9169 -5224
1182 -5776
-946 3638
-660 5689
7167 -4028
8349 6670
8890 -2847
783 6849
8452 -1525
3807 8218
-8869 4528
-4951 -4148
9384 2896
2058 2099
887 5840
4742 -7603
-6302 -2850
4357 -1486
6537 -5156
-3143 3249
-3266 4331
6523 -4664
381 -5322
-4045 -545
5785 -7497
-2763 866
6162 -7062
4168 4410
-3326 -3860
-6461 38
-7114 6223
-7407 -4133
7066 -8259
-941 85
3085 2054
260 -3975
5300 73
5720 1705
-9782 -8133
8349 1762
629 -3466
-6748 8662
4052 6081
1401 3137
-1612 -1416
4013 -3766
1474 9336
9013 952
-3877 425
4043 366
287 1992
-2126 -6171
9668 -464
2328 3364
6502 4005
-8972 3358
-2020 -4996
-1714 7465
-6234 -6006
-7906 -42
2434 -6712
-596 -5870
8542 -6848
1047 4248
-888 -8073
8145 -9200
-7166 9174
6503 1320
-5199 -9322
1823 2126
3796 4199
7898 -4825
-5807 -2498
7385 4271
3211 -4071
-6565 2029
6384 4592
-8124 -2478
1007 -4934
2138 -2258
-698 -7591
-5655 6288
4570 -6013
-9498 5496
-640 8846
5201 2746
5240 -1193
-3181 4337
-711 -1394
5351 -3715
-2841 -9822
-5995 378
-8927 6309
-4519 3423
-1129 -8709
6083 -6896
-1383 -4635
631 -5664
4683 5060
-4620 3943
-7307 -7220
242 -2916
-4202 8071
-8252 6927
4536 4290
1021 3654
-3650 2744
-2992 9745
-3430 1049
4975 -1428
-1828 8855
5525 7377
5445 -5363
-513 -393
-358 5292
3284 715
5235 6436
-3962 -2455
4691 -2293
-6959 9431
-1230 8717
128 4990
-523 -3056
-305 -7514
-1185 -3710
-7670 -3987
4833 -7967
-3179 -6204
-6834 7687
1477 -6777
-1079 1233
6539 -2570
1439 6570
4241 5012
6385 -776
445 6075
938 3139
-3181 -2374
4463 -3683
-1642 6733
5108 8051
-881 -905
-7413 3150
3910 -2337
-3369 3750
8269 -2524
3647 4228
4829 -2467
-3074 -2093
-9257 658
5239 1186
-5748 1457
-507 600
-7175 2414
3568 -7883
5866 -6790
2973 -6112
-6112 -9058
2749 3218
8557 -908
8293 4126
699 -4702
-35 -5892
2316 -8812
3570 -527
-9443 3190
7750 9341
-860 -3765
4487 -5504
696 428
8733 5993
2063 -6400
4221 -8259
-5534 -5004
6043 7073
3245 952
-5828 -7228
-9133 4310
873 -7253
-2401 7920
4351 -8646
-8763 2548
7652 -4324
7110 -130
4628 -5168
-5198 5290
-7495 9840
-8696 5685
6041 2686
-2855 -6256
-759 -1778
-2261 3551
7712 -8278
-3559 -6380
-1818 -1594
2520 -8350
-7509 1665
6804 -2591
-3276 7412
4888 -738
-4849 1978
6285 -1796
-2552 -2692
5434 -9973
-3659 -9640
5258 -1501
3724 3725
2891 -899
3348 -3994
-6286 -3730
-6248 -4640
-9829 3489
344 -7942
206 -7344
4794 -6024
-4994 8895
9022 -108
-3284 7669
-753 7074
1320 2615
7060 -1122
4631 -8029
-4793 -5804
4336 -5178
797 555
7200 795
-2652 -2993
-2579 5152
1643 8985
1688 4310
7354 -4323
-9605 2421
4227 -5871
1234 4745
3824 -5995
-1705 -2834
2684 5667
-1435 3
4574 -8875
2622 -4306
9055 8493
1768 5580
-8947 -6556
-1742 -6221
-7448 -6509
8532 6310
2361 1303
2676 -3436
-7357 -3387
-9723 -7955
-79 -6038
-4310 2434
239 -9091
2265 5272
-2955 -668
3226 1385
4638 4128
7662 -3881
183 -5706
6253 -6387
786 -8774
584 -8076
3578 3770
2189 9295
-4063 7908
-984 2740
5686 3797
6502 7432
978 7295
4085 -9963
4337 -554
-7000 6474
606 -3624
-1129 8592
8998 5047
7842 6500
-8465 -6172
-6378 -1099
-286 -4359
-6520 6556
-4253 -6462
6335 2483
5313 -3255
7630 8948
-2807 -4418
2719 -6321
-4843 -5313
-9845 9319
-6654 -7574
-4539 7273
1151 7836
8374 -8054
6977 2276
6627 -3459
-973 -6359
-1108 7021
3595 3220
-9426 -5955
-2184 2204
9895 8730
8695 7756
3769 -4359
453 -685
552 -6606
3791 7240
-2755 -9831
-2363 -744
-3731 -6827
9901 7022
-396 3678
7027 8317
-517 4472
1438 7789
-1544 1222
5022 -6529
853 -3379
1986 -7777
8745 -8729
7942 -7547
5890 6337
-5367 8712
-7516 -8015
3004 -1856
9002 -7145
2679 -6122
5419 8718
4230 -2582
5817 -8273
-8864 4576
-3805 -893
6168 1897
9403 -285
-2932 -9623
8849 -6802
-6725 2634
-3683 -6778
-8972 -3107
-3972 -6425
-7159 8648
2610 -7035
-478 2896
-9810 7745
-1234 772
-4853 -3097
1716 355
8370 9031
-4632 620
-7875 -4305
-8454 9664
5655 3585
5768 -5930
351 7670
-2701 9819
6155 -337
9519 7587
-504 -6637
-2381 -8751
-3008 2922
-4463 -1250
5877 -4300
7456 -790
6281 9063
-7020 252
-4000 4900
-2097 -1033
2237 1237
-7215 9052
2857 -6587
9835 6934
3539 4795
6386 -3578
-5775 5557
-210 -3605
-252 -4675
-5454 8717
3706 1418
5510 -4857
2188 7286
7136 -3953
-2552 4695
-2063 483
-4471 3101
-1445 -9679
-5054 -7129
-3072 2882
-3782 2178
-8842 8325
-6032 -449
-3977 5012
9632 3471
4149 1413
-9410 -7107
4363 -1201
-1441 6985
-5426 -425
-5896 -8259
-4094 5686
-2626 -4915
8937 3208
-8084 -4752
-5194 6068
-6014 2485
6944 5267
-2934 -1308
-5230 -3201
-1065 3699
-3809 8026
-3674 -7135
-749 -9321
-2330 9202
-8348 2024
3732 -4376
1543 7910
-3073 6586
8863 -4137
4875 -4716
-5743 7583
-9455 2858
3283 3045
9635 -1446
-3358 -5952
972 6941
3219 -7393
7414 4266
5441 -7886
-6490 -5496
-763 -7176
-7647 5805
-924 -4763
2450 -4041
5602 4784
-4988 -8474
-2092 4087
-3031 469
-6125 783
-6755 -8077
-2131 -8501
3941 -2526
-5931 -2936
5841 7884
7674 -9964
-6783 5628
-459 -4583
-1437 -896
-8483 5545
2810 1593
-5995 9255
3290 4316
9988 9168
-6256 5321
-8251 5668
-289 -7579
-9131 -9803
805 -1002
-4951 -1205
-260 1466
7586 4913
6108 -1468
-9511 -8929
-3875 9557
-1739 -1787
2843 9331
28 -8783
6578 -1176
-8667 4062
6953 -9670
-3605 5817
5867 2338
3518 688
304 4460
-6732 -8294
3962 7626
8925 -9283
6011 8916
1204 5248
7348 -6720
2545 685
-8872 -8966
8251 258
1776 7680
-5957 4277
8439 -4771
-5172 -1630
2885 4640
-8114 -9774
-7767 -1384
-7271 7177
6992 -9650
2639 3468
1186 3359
-2390 -7058
-7157 8532
-9675 -8298
-1897 8544
4023 9582
23 2422
-4023 -1846
-5408 9509
-9047 5714
-7118 2833
-4569 -4338
3030 814
-131 3950
2369 5851
-8357 -7245
-6218 -8519
9280 2941
-7801 -153
-987 -6030
4571 -9444
3123 744
-3669 9951
2197 8623
7463 -3514
-3960 -4002
8982 -7830
5550 9528
7258 -8669
-7198 3355
-2606 9189
-4666 7237
1593 -6345
-6439 -702
9963 1004
-476 8919
2568 415
-7469 1125
-15 1328
8001 -9318
7088 5589
5868 -4583
1044 -3041
231 -8316
-3175 -2069
-9170 4292
-8250 -2880
-4332 -2282
-7120 -4852
-4455 -3823
9020 -8874
2647 4535
8386 2239
476 4760
6029 283
-1902 6398
-1153 -1659
7897 6681
4721 -2556
1238 1447
4215 6104
2372 3678
706 4960
-6071 -9446
-1921 1228
-1852 -2786
222 2330
7906 1640
-4883 8912
-2416 -8682
7394 -6859
3595 6703
-9609 -2837
-1229 1008
3472 6316
6462 -8237
-9256 3873
7497 -3363
-8119 1305
-5527 -5019
1867 588
2367 -804
-6252 7917
7561 -4867
6541 6501
1910 -9677
4469 -1679
2546 -7519
1598 698
-4385 5362
-4203 7629
4676 -7202
-7520 4983
-993 -7019
4704 -1217
4567 -2869
2934 -2976
5069 2016
6978 3745
400 -6453
8774 -2958
-3185 5282
-919 2789
3721 4201
-6729 -5465
1184 6868
9894 -9254
9228 -2309
9299 -7920
-7284 -2919
8971 -2874
-5960 -1087
6950 -5158
-3982 1182
3021 8395
7962 2756
-9572 4908
-3615 -5992
259 7268
6517 7321
8870 -6011
4570 8938
-9180 -602
5082 -4162
8085 9088
-5740 -3138
6093 -5023
3728 -7367
5341 -9359
1490 -695
345 9343
-8499 -4706
531 -2106
5582 -9399
70 -1727
7993 8007
4047 9576
-9518 8104
2390 -9625
-8974 -8005
-3766 985
4409 -5704
-3382 -5978
9954 -1271
-1791 6230
-7342 -3498
-8695 4145
5834 -5365
-3153 -684
-8547 5512
8407 8914
7675 -2682
3798 -987
7595 -8383
1566 15
9815 7494
3895 914
801 -4166
-9433 -6265
-172 -6300
-5996 -4897
7733 -9288
705 9524
8536 -9375
-6283 3755
-1745 3627
-4039 -663
-4163 9354
1887 143
-5463 8586
5696 339
-978 -1900
-3490 2780
1807 -6343
9448 218
7976 -610
-3140 -2657
-2881 -8604
7974 -9122
2362 4339
2183 -8897
2698 -6877
-9135 -3236
3332 -1177
-8338 -9605
-335 5526
1441 6631
4283 -489
-252 -5971
-2232 4840
-3504 9297
-6973 -8469
7163 -981
9621 8686
2076 1570
-6989 -6730
458 -2910
5809 5063
-3902 -4835
5716 5265
-4633 3516
-1787 4378
-764 3711
-6750 5861
3789 6617
4366 -419
4132 -7231
-2455 -6720
-8457 -9162
3418 3210
-3738 -1005
3784 -1348
-8734 3883
6792 -8951
2449 3713
1617 9405
-561 -7162
-7445 -342
-5138 -1745
2886 8561
5406 9907
-3929 5577
-3193 798
5821 6255
6099 -8587
-3662 -5109
8393 -2393
1917 7578
-3180 -2037
4340 -6499
-6814 2044
-2 -9250
2888 878
-4761 3482
195 -6549
-8883 4495
-8583 -9041
1719 -413
-5154 3804
-5819 -2610
-1774 603
2658 8902
-9720 6128
9110 2789
-2974 8216
1816 4825
504 -8414
1665 -9977
9783 -6297
4059 541
6598 7815
-71 -8141
6979 -5151
-3488 2429
-6452 8623
4675 6928
-326 8412
9196 -4946
-6712 1603
5494 -9104
-9263 7653
3544 -817
-6185 -4409
2364 1902
9408 1637
-3475 5672
4667 -9
1070 2642
9025 8735
-9240 1164
5174 8747
-8836 1417
-7090 3021
-9226 -4712
-9620 468
3330 -7249
7526 -6553
9432 7763
7108 9694
4723 -5529
519 -803
-7424 9358
7559 -4050
498 -4546
2645 -3110
-1326 2019
5247 -221
5267 -4979
-7630 -95
8484 8248
1721 4567
8606 1430
4387 1553
-1059 -6053
-1981 -7875
6252 -4668
5041 4195
5753 2308
-9330 5826
8935 3117
-2780 5032
3778 -7753
-7316 1677
3758 3121
649 -2739
-1736 1953
9298 -3104
-338 473
7438 -360
-6614 2777
-8489 -2858
1705 -8390
-4960 5130
-901 2558
435 -9691
2259 4370
1843 -6404
8157 -9028
6944 668
-4177 -6585
-2055 -5596
2296 -3736
6172 -3933
-9802 -2963
-1463 1903
7588 4929
-1083 -929
-369 -3266
3609 5862
3978 1519
-7942 -5076
-8488 8449
9540 7723
3718 1670
8064 -5565
8123 -1755
8197 -3526
-5657 2497
-3494 2132
-7 2596
6906 -1462
-3795 7816
-3952 -7734
-1182 -8893
-3679 -3189
7274 -1908
-1751 4812
-9958 -9042
9981 -152
-9055 -2712
-2512 2391
-1226 894
241 228
-4790 5664
4689 8550
4732 1268
2147 1566
-1525 8226
-3204 8972
-6618 9437
4826 8974
-257 8073
8769 7383
-9729 -4435
-9152 5223
-9517 -7593
-3885 -9844
1955 6758
-5151 9909
259 1976
-8283 -17
6243 -8912
1194 -7266
6817 -5885
-3377 5818
8702 -5216
-4502 3395
-82 3385
-887 -8286
8521 4979
5939 4765
-3073 6278
3277 6295
-7736 -4335
8537 3138
4344 -4675
-6631 8929
1714 5740
-8751 -1409
-2636 7934
586 -6394
592 2912
3859 -7363
1050 3089
8098 1473
-4163 -7662
6521 -6594
1673 -7094
-5181 -1206
-5721 8243
-5795 1470
7981 -7323
3761 -8974
-4660 -1700
-514 -6956
4486 8040
5044 3173
-7522 7825
-8645 8656
904 -7675
4723 8103
-5025 128
-4235 8604
5269 3767
89 -5254
-6363 9793
305 -5251
804 9378
2579 -2700
5174 -3755
-1388 -5487
4413 8117
7407 3467
5005 3144
9796 6193
-7302 5736
3934 -4342
-7437 8560
6317 6125
-6584 -7840
9106 -5766
-8443 9965
-5863 8116
9923 -6616
7680 -7620
3348 4009
6486 -4149
-803 -1672
5919 6635
9056 -6281
-2924 9043
6198 -4817
-4825 7901
6492 4182
-4348 3269
-8475 -9798
7698 9312
-4531 -7219
-7143 -8009
9325 -6131
-6850 -6818
4202 -1298
-150 5333
4488 8134
-8727 -1829
-5156 8500
686 -6390
8192 -5234
-5549 3283
8479 -2042
-963 -6985
-9776 3801
6335 7999
9311 -8620
-1515 9304
3110 6979
7313 6510
-8676 9591
7507 420
1060 -5646
6224 1230
8070 9170
-5739 -8309
-8774 -4456
-8955 -2398
-5440 1813
9342 -8969
7533 9328
6234 -3798
-1824 4182
7922 5581
-2925 574
-7460 -7584
6957 -5608
1269 3403
-6092 -3567
-4583 6007
-1504 -7259
3823 5129
-1910 4738
3170 -5348
1699 -9003
3626 -4518
9409 -2540
8106 6423
1812 8487
8850 -7254
7895 1524
-4028 2824
322 -5947
-6349 6303
9692 -8457
3080 7884
4654 -1022
5151 3353
-3565 -1600
-6322 -6378
8683 8444
3749 -2189
4943 -6823
-5488 4376
-3073 -8292
-3942 4834
9590 -7210
140 9690
-8865 -4974
7795 1170
1633 -1352
-4480 1567
3798 -933
-7384 9006
5497 -3323
236 6245
-514 -4931
9299 -2729
3707 2930
403 642
-6236 -8889
2702 3785
-4171 -4901
8153 1001
968 2868
-5736 8827
-5370 -8537
6085 229
1498 -3578
4816 4829
3777 7142
32 8923
-5442 -3348
4536 6425
-4950 -3788
-6380 106
-3928 5662
1170 -6508
-2249 -9035
1614 2795
-7360 -5731
-58 -3349
-5809 -5031
-2500 -9230
-9857 -5866
8698 -552
-7410 1527
7183 -2675
4592 3709
-7880 -3251
-1537 -3949
-3718 -3454
-2769 20
6059 3926
-6144 601
2032 3474
4749 -8765
-7007 -8968
-767 5409
-4023 -5926
7209 -9089
-8438 -5578
452 -2997
-4387 -7697
-7785 901
-905 -6552
-7618 -5150
-7513 8671
1533 7933
1339 5411
-9868 -1573
5090 -1260
8689 -4423
8973 9942
-1313 1012
-8369 4913
7708 3797
2372 -9816
8872 -3721
-5491 -8076
3449 -1514
-6695 -9763
-405 -9898
-3105 6581
8789 -3155
-1176 3792
-4232 6862
7465 -8477
-944 -7149
2062 984
4685 5382
3379 9675
187 8300
8235 -6747
2621 -9649
5732 9426
-5736 2246
-7934 6177
5419 -1981
-8473 -1961
2461 2840
-8492 7632
-1841 -5625
8265 -172
-8048 -3515
-664 -9486
9551 -278
4856 7388
-8629 3544
-1563 -4834
8583 -7098
6501 -4612
-5671 -3480
6678 6119
7201 1756
-5758 -5765
-4425 8563
3876 -1928
4573 -3783
-507 -421
-5101 -5820
5567 -1767
-6038 -4971
-8957 -617
7056 4014
7157 -7575
-8086 6417
-7851 5829
7616 -5232
2841 -5981
-5295 -9738
-907 7924
-9016 656
-4803 -5637
-4314 3194
65 6188
6431 -7262
2007 4608
673 7707
-1385 -8558
9070 -5695
223 5721
-6517 -7357
9687 -7229
1008 -398
6095 -950
7232 644
4836 373
1427 997
-2111 302
367 -8900
-2782 5851
1878 -5899
-9836 251
3064 5968
-9223 2688
6472 -7515
-1337 3683
972 -5231
-4912 -2936
-6449 -606
8444 -7313
9041 -3172
594 4212
9214 -667
-7338 4452
9627 5619
7692 -1860
5180 -4656
6043 -4705
4787 3431
-7956 3316
6596 -5426
881 7674
3028 5839
-4157 -9143
-4545 5301
-8924 -6809
-9560 -4753
-3836 483
7595 8772
7646 6801
-2769 4244
898 -2493
8663 -1881
6542 7072
-5897 5140
2101 -6205
9380 2096
-3902 6643
-6460 8753
-2763 -2950
9509 -4195
-9973 1061
5417 -9516
2173 -8265
9055 4439
-5569 -4566
5005 4467
105 7843
-8343 174
-8142 2512
263 8205
-7561 -7359
-3987 -65
9244 9377
4386 -1014
4969 -7153
-1276 3440
-298 -9059
-6823 -4771
-8767 -7164
-6594 -304
-8260 9762
-1669 -60
-5468 1362
8855 9017
43 9542
-6232 3908
-3593 5794
-8062 4560
-4764 -488
-6287 -8401
-1468 -9828
-5502 5377
8519 -1852
-9317 -3457
-7402 -7586
1035 -9179
-8712 -9874
6460 -4262
-4872 3490
6565 8605
6494 -2221
6780 5261
-6887 -6246
-6903 -2987
-8002 653
-971 9075
4714 -6859
3713 -5564
-5821 8941
-7245 -9907
-3139 -679
9612 -2520
-6695 -7935
-7115 7817
-6168 -56
6935 -6292
-4147 -6099
-823 -5602
1088 -5347
3012 6276
-6194 723
5971 -4661
9150 -7730
-5402 -9683
-7057 -9171
5062 -7555
5117 -7575
-2301 -4689
-1310 -2097
-3928 -185
-6183 -871
-3568 -6468
-8579 -8537
-6062 -2967
5680 -193
-5128 -9776
-392 -4641
-3666 1547
-8476 4795
-9419 305
-2547 -4201
-8169 4160
-4553 -4574
2773 7949
7191 301
-5157 -5018
-7602 9415
2293 -9696
-8557 -6250
-9124 5954
-5426 -7628
-6487 3181
3681 -9340
-6454 -9370
4353 -2737
-9806 7490
-5758 -1952
-7062 -7283
6578 4056
2501 3862
-7781 6766
9394 -7365
-1556 -4729
2282 7244
6801 -8915
9705 -8417
-386 7664
6170 1200
8427 -554
5643 -2606
6361 -5760
384 4822
-6701 2746
-4413 -4714
-6672 7486
-5927 5343
-7372 3303
1679 -135
-2954 -7955
-6637 437
1692 3745
-3136 3314
-413 -8954
-5231 -7957
1275 -4886
278 -5344
2959 -3552
1412 7616
2722 -1380
8199 -4080
2997 9290
4083 4186
-2523 -4501
-3144 5877
8689 -5940
-2668 -7091
4889 4997
-3742 7119
-7166 -6164
8048 4660
1142 -8301
-4658 -3417
3208 -5788
3266 -6348
2869 -7753
-2055 -4690
-9274 -2802
-9064 -5059
-3182 5102
9488 -8413
-6080 -7686
-9232 8970
-3190 9613
-5292 -7956
7294 -9452
2396 -5571
1566 6950
-7433 -9927
2119 -4127
2718 -26
5454 6305
3197 -6811
4966 3359
-308 251
-3585 -1499
7164 -5450
-7608 7242
-9812 5214
1525 6158
-5157 -3398
2140 -7853
-6536 -8580
-103 -970
-4202 1450
-4335 -5111
-677 -7318
-4205 4942
4216 5065
6394 2450
370 6600
-5168 -3773
-8290 1987
-7059 271
-7668 -9025
-7075 3803
-838 4080
6847 4413
3786 772
-6039 9623
-4114 -7024
4905 -9711
8287 -2923
5542 -559
3212 -6642
9638 9337
-1424 -2440
-951 -7523
-4068 -994
-7374 2207
-2924 -1856
-1467 3049
-9386 5024
-9908 2310
6580 -6614
-621 -2722
-8797 189
-3660 5805
-436 -967
6669 2910
-4513 3943
-5075 5545
9704 2847
5966 -7866
-294 -9542
3035 -3252
-1945 438
2771 -8213
-2958 1343
2310 -7006
-3493 -2080
-100 9726
-1575 4486
4213 -8592
4775 -9748
-7701 -2166
-8299 616
-2989 -3786
-65 -9582
-8381 6738
-7334 7052
9325 -8212
-9494 -8909
9865 1621
8498 -2399
6450 7653
-7037 -677
-3641 -2612
6101 4766
-143 -9296
-5997 -2431
4323 5608
-5136 1319
-5027 1268
5400 1539
876 8086
-5758 5096
5580 -1455
-351 -6355
-1075 -6820
-6982 4857
-5037 -7069
-2385 -1328
8791 7739
4026 -4870
-2421 5440
-6890 -7508
-4965 6925
1174 -9482
-6257 -2922
-1863 -7320
-2579 -6523
4053 1441
-6277 2128
4272 -6954
2178 -7373
8910 9820
9582 -7184
2597 1554
2706 735
6348 -7411
2184 -8717
1746 -4383
4726 4140
-789 9705
-660 -4014
4676 -8812
3402 -9644
6008 7468
4287 7229
8283 7012
-2740 815
9971 -5219
9222 3071
-8825 -8843
-9862 -2067
8592 3661
-3444 -353
4844 -9547
-8584 -7143
7569 406
-1447 3610
-1154 3195
4903 -9162
-2771 9213
-1029 -2996
-8891 -4054
-2738 -2845
-1844 6513
-8512 1414
-3622 6381
7701 -5575
-8888 9900
3706 -5322
8200 -7878
7493 -2871
-7378 -5649
-9575 -4220
3435 -8207
-2232 1984
-134 -761
2228 -5615
-1357 -3236
-7058 -9148
-5282 -2292
2304 -4233
-2494 -753
-3290 2709
9307 -5794
6998 -2067
361 -9114
-576 -7889
1061 9000
-1327 -4862
-6641 139
1266 -1340
8546 5599
-9011 -8833
4105 4335
-7313 3076
5963 1026
4681 -4440
-9054 9901
7473 1143
8362 665
3077 -4487
500 -2164
-5745 -7777
1754 2807
-572 -3574
4173 2939
4807 -551
-6454 3353
6251 1292
-8789 -3179
-3467 154
-5223 -6074
4671 -2677
-6529 8349
9433 -9325
-6181 -3089
2027 7468
8813 -1888
245 -658
-6798 -402
-2793 9550
-1686 2871
2380 8784
1365 -5752
913 5546
-1924 -4060
2404 1463
-2292 8813
7271 -1003
8893 6481
-3708 8988
-9551 6388
7531 -3973
-616 886
-7594 272
304 -9183
-3667 6051
7626 -8142
3813 255
-3577 -2111
-6876 -4945
1794 -1586
-2656 -3662
-6778 4778
-6715 -2534
-9152 -3297
6037 102
-5072 1373
-1271 -263
-903 9571
-9706 -6697
-1384 -9466
-1429 -7715
-847 -8256
8215 6266
292 9304
3175 -2995
-3681 4105
8269 -7844
-6227 1138
-1156 5742
-7412 4634
8784 -2266
604 2238
-502 -6404
9139 -5799
-6471 5818
4270 -8049
3637 592
-6558 -2059
-2108 -2220
4625 4480
3071 8345
5624 -8312
3119 2379
-1916 -3783
-4239 7973
-7100 -7945
5881 4239
3354 -8053
9298 -2889
-5684 -6770
-8669 -9846
-1449 -5200
-2322 5423
2595 2598
-3662 1505
-1903 -7954
720 776
-6192 -3456
2474 2002
-3697 -4910
1959 -9550
-9202 -792
340 -459
-595 2327
5092 -6370
-3290 -747
4376 -9603
-5386 -1986
-6310 -8080
9878 741
-6141 7030
-3896 5877
2205 -884
-5875 -7453
5218 -9626
-2733 6227
-5501 -7797
9164 -637
7717 7533
-1159 -9833
1317 1252
-6363 6850
9724 -1497
-1137 6797
1790 4038
9088 1224
6461 9638
-6470 5611
4906 -5254
7665 3239
-4517 4954
-5965 3565
-5560 2531
-2014 -3750
-3440 -3893
3907 1311
2552 9727
-9233 -4695
7123 4858
8935 -4079
478 -2172
-1820 9953
5890 -5978
-5140 5249
-7524 3109
2721 -1218
3769 675
2483 -745
-5573 -7283
-6154 8355
-1767 9121
-9842 6466
8962 -383
6822 -8322
-9727 -9107
-6367 -5283
-4003 1568
-3704 -2202
6712 841
3713 4398
7959 -1693
3936 -4866
-1600 -5165
7224 8995
-7425 7391
4522 3377
2788 -7866
8766 6901
1606 7583
8048 8629
-4181 3537
7713 -890
-8385 1036
-1298 -6517
6305 -9341
-1218 5572
-4066 807
3892 -6662
-5323 -9823
-6716 -8187
-5511 875
-1213 3065
7861 -6421
-4680 -8277
7817 -4307
-338 8131
6355 668
1323 -7232
-3927 4349
-4869 -7774
9059 1545
7429 5208
-2602 -5179
9887 8454
5434 -9089
-5698 4211
-9236 -6682
5093 1997
8080 -9338
-7394 6937
-2609 8735
-7513 -3717
7518 -3358
-4892 9758
-8993 8295
-3021 3712
5504 5934
-8900 -195
4610 8112
4102 375
-1644 5985
935 -3969
-1027 9924
-8204 -5150
-615 8938
3414 -5677
603 969
-6018 -8687
4624 -2954
4687 789
6596 9759
-8583 -4070
-834 -9786
-7962 -7063
3142 -5955
6253 5215
-9081 -229
388 -6594
-752 7257
-5613 1261
-7084 1068
-9980 -8980
-4719 -7361
-266 793
7854 8012
3376 -680
-9219 2166
850 -8957
-2592 -1018
2760 8461
-4216 7009
5976 4948
6808 2818
1562 -3869
3528 -6407
615 -831
165 -9793
-8886 6362
1110 -299
-5100 6631
7930 2041
1580 -7108
6573 -1085
-1661 -6514
-8119 2146
-1404 4480
-6359 7374
-9590 -7927
777 8138
-1395 -3293
5577 -136
2740 4818
-1359 -136
-2002 4814
-658 -6817
5276 -2481
-3303 2032
4549 -5547
1305 -7239
4717 4690
6623 -2483
288 -2860
-1840 -7463
5161 3602
3232 -1499
95 1105
-9800 1130
-1506 -9580
-262 2858
6451 -4769
-132 -10000
-3695 9030
-5456 -7227
8450 663
5732 9356
-1961 -2816
-9787 5307
-9408 1662
6686 4790
-5897 2659
-8641 2921
3926 -1629
3225 -9598
937 -9765
-6651 -6775
7870 -2849
-4668 702
-9095 -3297
8257 1453
-8732 -9803
-2349 5935
-700 9933
1119 3648
2694 3089
-3750 5273
-7432 -5072
7275 9546
5109 1131
9743 4886
-8264 -4868
2103 2634
-9326 9763
8139 6779
4406 9486
-4398 7515
2033 -29
1033 -6792
3191 3182
9809 -3983
9944 -8446
-7226 2870
-4270 -3634
-2679 4091
-5440 -5059
2175 -8264
1328 -2423
6802 6912
4499 -7490
-6315 2204
9133 -9241
9509 1540
6636 -2281
491 7801
-9451 -7499
-4193 -2206
-7079 5509
-8922 -5279
5767 -9777
3771 -2480
124 3951
5772 4478
-7371 1336
5147 -8192
3845 -8123
9061 6421
-9439 5118
-9248 6171
-743 -2109
317 744
4066 600
-9300 9318
5806 -2419
4095 5325
-5636 2633
-2297 1022
332 1747
3003 -1062
-1077 1596
-3753 -323
5452 -52
-3776 3323
7832 -1849
-1531 6069
1340 -2436
-2910 -5385
9345 -4246
8798 4433
-1543 -9713
-9963 -8272
-1547 7631
7920 -2600
3924 5821
2543 3489
-2123 -8311
-7128 8107
-5939 -6394
-2071 9792
9364 -5193
5530 3556
-1126 -4203
510 379
4631 -8609
1848 119
6848 -3873
-5685 -7172
2102 -7627
1977 -9165
-5064 -6302
-3539 -2137
-3784 9299
1396 7711
-3381 3752
-8219 -5992
-8934 3456
9858 6943
7222 -9021
2262 -4408
8585 7020
8702 -3922
-6329 2128
9413 -8057
-2686 975
1384 -5182
-9155 6070
-3656 -6432
5112 9263
-1475 8205
-661 -9434
6103 5081
-8594 2072
-3872 9943
-7627 1754
-1362 5938
-3143 8419
9172 -4601
-4464 9591
-1560 -29
3551 -6863
-7457 7513
8038 6317
-4139 2880
6105 -7793
-4279 5415
9551 1491
-4316 -9450
3668 -2478
6138 -1629
-3783 -5011
6601 -9971
9291 7418
-1889 6264
-8703 -5240
7832 8165
-4785 -6032
-2588 -3763
2103 -2022
8743 -5157
-4961 -3863
7706 -1533
-4995 4452
3120 -5597
5071 -3966
-461 7924
1896 6385
908 -1652
4165 -4605
-1727 4468
4125 4694
-9224 8673
-6474 607
-1990 -8878
6517 3890
-8813 -3676
-6995 9392
-2282 -8459
-6631 1901
-5507 2963
-7868 1244
1358 1952
1157 -8102
-8038 -6299
1289 20
-2817 -1008
-2455 6646
-211 2923
-2950 8978
2405 -8326
-6686 -9304
3452 -47
-4824 -6280
8736 3920
4709 97
2418 9404
183 1653
-9039 5722
2037 -1157
-4457 -3381
-676 -7808
-6531 159
-2073 -8996
-7974 3319
-5155 -8067
-728 -1253
-6075 -3214
6823 -4652
8532 3317
-5029 968
3111 -6187
-5519 720
-7220 -3393
6719 8087
186 9833
-3895 3345
-5214 8796
31 3541
1757 7611
1732 -6407
-5244 -588
6505 -599
9407 1953
5048 7235
-3467 4923
-7827 -6478
9634 -8323
-5666 -316
7975 9808
-9636 4938
-7589 -8200
3697 5004
2430 3898
-1431 103
430 -9752
-9042 581
6899 8107
4747 951
-1034 -1268
-2382 -3152
5391 -4353
4537 1729
-1126 5996
1022 -7092
-1877 -7717
8940 6536
8441 1371
-938 2993
2870 -6000
9056 -1560
6047 5431
7421 -9682
526 -1450
-7598 -5863
-2259 -91
-7879 2928
-6235 5491
-9694 -9047
4980 3351
-6347 6589
-9795 -7116
9011 -4316
8441 4647
6810 9330
7916 -1104
-4026 -1203
9331 3835
9684 -8214
7033 5482
9090 -3581
5832 2305
2899 -3048
284 -2387
-6706 -9633
1395 -9518
-5690 2953
-5855 5551
-459 4242
-4768 4016
2305 1220
-1435 -8816
-8608 -4599
9486 -2071
-5928 6731
-1897 2810
2335 -1013
-6229 -2317
8769 -2054
-7272 2464
2016 5366
5467 -6352
5366 6148
-9989 -1439
3253 2503
6706 -4151
-656 -6597
8005 3267
7507 -239
8884 3989
5260 -9081
8237 -5446
8365 -4350
6395 -5616
8009 3307
2332 -8704
-1604 -29
-5103 -8474
3272 -7516
-6098 -6628
9497 8534
-2447 7943
586 8363
911 6525
6017 3224
1450 6802
-2347 6864
-5825 4158
-2224 -9954
-9413 7980
-2193 -2562
-7538 7329
-4026 -6951
-1768 5223
-544 8348
6495 7222
-8059 4980
-2461 -4866
-5676 4328
-344 6227
-8433 4018
4115 -2315
-8618 9755
9648 -4934
8012 -9870
-5872 763
150 -7255
5104 3576
9442 8173
9908 -56
3108 3296
-7022 7074
-8709 -5932
8139 -5343
-9774 -4411
8437 1303
-7166 -4556
-5197 9777
-8204 -9604
9734 -6557
-6331 -781
-4420 -560
-6045 4799
-3673 -1801
8276 -9998
-2551 -5283
7541 7299
-5301 5684
6624 9130
-2387 -4091
8839 -200
-8265 5407
-5028 5841
-6770 1371
-5485 -6905
1475 -3381
-9345 8788
-5531 -7521
8089 7155
5911 -8876
-3840 -5700
-3012 -8934
-5318 6682
-498 7008
4440 6091
3502 6558
8183 -9708
-235 -3650
-3805 5117
2953 8967
-9674 6928
7756 -9016
9118 -2998
3438 -8802
765 2107
4995 -8990
-9014 -928
-2832 6098
5012 7866
126 -8038
-9209 7946
2608 5631
-6841 4428
-815 -5880
8281 6701
-9177 -9623
-6238 -4277
4613 2893
7654 -5593
4220 8607
-174 -3383
-2096 -5707
-7594 145
9609 -2758
-3414 3573
-6816 -938
3025 3676
-7942 -1635
7579 7925
-2031 113
-7836 3349
7565 6612
-8358 8459
977 8078
5212 770
-8878 5655
-3427 3251
7523 1
4424 707
-1301 -1307
-8738 -4224
-1224 -3767
-2694 -7148
3373 1803
-1930 612
-2569 8461
-9722 3783
-3299 -6307
6114 3110
6453 -9569
1570 5549
7380 8057
482 8043
-3395 -5125
9316 7051
-7589 5865
6356 -7953
810 -5210
6695 1158
2095 2974
-1283 -5365
3943 9520
-2491 -5862
-803 6199
-5985 -5458
5046 4820
-8003 3036
-3674 8506
-6877 -3802
-187 -3851
-1650 -5379
-2020 7895
-943 -4874
-4743 9185
-3238 5127
419 2410
403 3039
-1497 -7249
5252 3871
-4496 8727
9909 -2503
-6731 98
-5999 2083
9069 -9458
-921 2840
-8066 8165
-6166 -1492
7666 2758
-1992 3881
8042 6094
-8232 -4918
-979 -7997
-6404 -6380
-4711 -131
550 9196
-3973 -6319
3559 6585
-4711 4379
8259 -3977
5100 -2200
8880 1589
-6133 -8770
-6627 -3988
-5214 5832
9422 -1444
-8062 6689
-1498 1892
-7151 9148
-6050 4094
-3806 1166
113 -2667
-9120 8857
-6214 -8765
9604 -7723
-2827 -5652
-1401 1149
-4574 9137
9393 7956
-9015 945
-3697 4722
-5865 -2590
-5150 -9170
2310 1928
-1196 3466
-5830 -8528
8806 1974
6568 -788
-6523 -6878
-5007 -3285
-5476 -3709
-7924 7284
-574 4033
-6878 -8705
3476 -9093
2195 2704
5565 -8809
-9994 -9775
-7471 -7318
9981 -3349
-7207 -9376
9527 1120
9545 8649
8911 -7928
-7538 -5408
-3567 -7067
3427 -7143
-51 3205
7106 295
5204 -491
9335 2311
-6721 -1027
-6512 -4308
5264 -7621
5489 -8920
8464 -9473
5157 -8557
-8489 833
-690 8475
3178 6842
3005 -4855
-5858 -8923
-2947 -5684
538 -4845
1258 -2620
-4453 7077
831 4140
-7278 -8694
3533 -4635
-8216 4982
-8825 2012
-5919 -5605
-1958 9175
-6754 3654
2523 1665
